0 81 109 85 104 76 105 93 102 71 105 106 123 62 124 115 158 48 157 121 187 44 183 95 145 70 143 107 161 57 161 105 201 62 201 85 123
1 81 109 85 104 76 105 93 103 71 105 106 123 63 124 115 158 48 157 121 186 44 183 95 143 69 142 108 162 57 162 105 202 62 201 85 123
2 80 109 85 104 76 105 93 103 71 105 106 124 63 124 115 159 48 157 121 187 44 183 95 143 69 142 108 162 57 162 104 202 62 201 85 123
3 80 109 85 104 75 105 93 103 71 105 106 124 63 124 115 159 48 157 121 187 44 183 95 143 69 142 108 162 57 162 104 202 62 201 85 123
4 80 109 85 104 75 105 93 103 71 105 106 124 63 124 115 159 48 157 121 187 44 183 95 143 69 142 108 162 57 162 104 202 62 201 85 123
5 80 109 85 105 75 105 93 103 71 105 106 124 63 123 115 159 48 157 121 187 44 183 95 143 68 142 108 162 57 162 104 202 62 202 85 123
6 80 110 85 105 76 105 93 103 71 105 106 124 63 124 115 159 48 157 121 187 44 183 95 143 68 142 108 162 57 162 104 202 62 202 85 123
7 80 110 85 105 76 105 93 103 71 105 106 124 63 124 115 159 48 157 121 187 44 183 95 143 68 142 108 162 57 162 104 202 62 202 85 123
8 80 110 85 105 76 105 93 103 71 105 107 124 63 124 116 160 48 157 121 187 44 183 95 143 68 142 108 162 57 162 104 202 62 202 85 123
9 80 110 85 105 75 105 93 104 71 105 107 124 63 124 116 159 48 158 121 187 44 183 96 143 68 142 108 162 57 162 104 202 62 201 85 123
10 80 110 85 105 75 105 93 104 71 105 107 124 63 124 115 159 48 158 121 187 44 183 96 143 68 142 108 162 57 162 104 202 62 201 85 123
11 80 109 85 105 76 105 93 104 71 105 107 124 63 124 115 159 48 158 121 187 44 183 95 144 68 143 108 162 57 162 104 202 62 202 85 123
12 81 110 85 105 76 105 93 103 71 105 107 124 62 124 115 159 48 158 121 187 44 183 95 144 68 143 108 161 57 162 104 202 62 202 85 124
13 81 110 86 105 77 105 93 103 72 105 107 124 62 124 115 159 48 158 121 187 44 183 95 144 70 143 108 161 57 162 104 202 62 202 85 124
14 81 109 85 104 76 105 94 103 72 104 106 123 62 123 115 159 49 157 121 187 44 182 95 143 68 142 108 162 57 162 104 201 62 201 85 122
15 81 108 85 103 76 104 93 101 71 103 106 122 62 122 115 159 48 157 121 186 44 182 95 143 69 142 107 162 58 162 104 201 62 203 84 122
16 81 106 86 101 77 102 93 100 72 101 106 121 62 121 115 158 48 156 121 184 44 181 94 143 67 142 107 162 58 162 104 203 62 203 84 121
17 81 104 85 99 77 100 93 98 71 100 105 120 62 120 116 155 48 154 121 183 44 180 94 142 69 139 107 162 58 163 104 202 62 205 84 120
18 81 103 86 98 77 98 94 96 71 98 105 118 62 117 116 153 48 152 121 180 44 177 95 138 68 137 107 163 57 163 104 202 62 203 83 117
19 81 100 86 96 76 96 93 95 71 95 105 116 62 116 116 150 49 150 120 178 44 174 95 137 69 134 108 167 57 162 104 203 62 204 84 115
21 80 93 85 88 76 89 93 88 71 90 105 111 61 111 117 147 47 146 120 174 44 169 95 134 69 130 108 166 57 161 104 204 62 203 84 110
22 81 90 86 85 77 86 93 85 71 87 105 108 61 108 117 146 47 145 120 172 44 165 96 132 69 130 108 165 57 161 104 205 62 202 83 107
23 80 87 85 81 76 82 93 82 71 84 106 107 60 106 116 142 47 143 119 167 44 163 96 131 70 128 109 165 57 161 104 204 62 201 84 106
24 81 83 85 79 76 79 93 78 70 80 107 103 60 103 116 136 48 138 120 163 44 162 99 130 70 126 108 166 57 161 104 204 62 201 84 103
25 80 79 85 74 76 75 93 76 71 77 106 101 60 101 116 133 48 136 119 159 44 159 98 126 69 123 109 163 57 159 104 204 62 201 84 100
26 80 77 85 72 75 73 93 73 71 75 107 98 61 98 117 130 48 132 119 157 44 157 98 125 69 123 108 161 57 159 104 204 61 202 84 97
27 81 73 86 68 77 69 93 70 71 72 106 94 61 95 117 128 49 126 119 154 44 155 98 125 69 123 108 160 57 159 104 203 61 201 83 94
28 80 70 85 65 76 66 93 67 71 68 106 92 61 93 117 125 49 124 120 150 45 152 98 123 68 122 107 159 58 157 104 202 61 201 83 92
29 81 66 85 62 76 62 93 64 71 65 106 89 61 90 117 120 49 121 120 147 45 150 98 123 68 122 106 159 58 157 104 203 61 201 83 89
30 81 64 85 58 76 59 93 60 71 62 105 86 61 87 117 115 50 118 121 145 44 147 97 122 69 122 105 159 59 155 104 203 61 201 83 86
31 81 61 85 55 76 56 93 58 71 59 105 84 61 84 117 115 50 114 121 144 45 145 96 121 68 121 104 162 59 155 104 203 61 202 83 83
32 81 57 85 52 77 53 93 54 71 56 106 80 61 81 117 113 50 111 121 141 45 141 96 122 68 121 103 162 60 158 104 203 61 202 83 80
33 81 53 86 49 76 49 94 51 71 52 106 78 61 78 117 110 51 109 121 139 45 139 97 122 67 121 103 165 61 159 104 203 61 202 83 77
34 82 49 86 45 77 46 93 48 71 49 106 75 61 75 117 108 50 107 122 137 45 137 97 122 68 121 103 165 61 161 104 202 61 202 83 75
35 82 47 86 42 77 43 94 44 72 47 107 73 60 73 118 105 51 105 122 134 45 133 96 122 68 121 102 164 62 162 104 202 61 203 83 72
36 82 44 86 39 77 40 94 42 72 43 106 69 61 70 118 101 50 103 122 130 45 131 96 122 68 121 101 165 62 161 104 202 61 203 84 69
37 82 41 87 36 78 37 94 39 72 40 106 67 61 68 118 101 50 100 122 129 45 129 97 122 67 121 101 164 63 161 103 201 61 203 84 67
38 82 38 87 33 78 34 94 36 72 38 107 64 61 66 118 99 51 98 122 128 45 127 97 121 68 121 100 163 64 162 103 201 61 203 84 65
39 82 36 87 32 78 32 95 35 72 35 107 62 61 64 118 96 51 96 122 126 45 125 97 121 68 121 100 163 64 161 103 201 61 202 84 63
40 82 34 87 30 78 30 94 34 72 34 107 60 61 62 118 94 51 94 123 124 45 123 97 121 68 121 99 163 65 162 103 201 61 202 84 61
41 83 33 87 29 78 29 94 32 73 32 107 59 61 61 118 93 51 93 123 123 45 123 96 121 68 121 99 163 65 163 103 201 61 203 84 60
42 83 33 87 29 79 29 94 31 73 32 107 58 62 60 118 92 51 93 124 121 45 122 97 121 68 119 99 163 66 163 103 201 61 203 84 59
43 83 33 87 29 79 29 94 31 73 32 107 58 62 59 118 91 51 93 124 121 45 122 97 121 69 121 99 164 66 163 103 201 61 202 84 58
44 83 33 88 29 79 29 94 31 73 31 107 58 62 59 118 91 51 93 124 120 45 122 97 121 69 121 99 165 67 163 103 201 62 202 84 58
45 83 34 88 30 79 30 94 32 73 32 107 57 62 59 118 91 51 92 124 120 45 121 97 121 69 121 99 165 67 163 103 201 62 202 84 58
46 83 35 88 31 78 31 95 33 73 33 107 58 62 60 118 91 52 92 124 120 45 121 97 121 69 119 99 165 67 163 103 201 62 202 84 59
47 83 36 87 31 78 32 95 33 73 33 107 58 62 60 118 91 52 92 124 120 45 122 97 121 69 119 100 164 67 162 103 201 62 202 85 59
48 83 37 87 32 78 32 95 33 73 34 107 58 62 60 118 92 52 93 124 120 45 122 97 122 69 121 100 165 67 163 103 201 62 203 85 59
49 83 37 88 33 78 33 95 33 74 34 107 58 62 61 118 92 52 93 124 120 45 122 97 122 69 121 100 165 67 163 103 201 62 202 85 59
50 84 37 88 33 79 33 95 33 74 34 107 58 62 61 118 92 53 93 124 120 46 121 97 122 70 121 100 165 67 163 103 201 62 202 85 59
51 84 37 89 32 80 33 96 33 74 34 107 58 63 61 118 92 53 93 124 120 46 122 97 122 69 121 100 165 67 163 103 201 62 202 85 59
52 84 37 89 32 80 33 96 33 74 34 107 58 63 61 118 91 53 93 124 120 46 122 97 122 69 121 100 165 67 163 103 201 62 202 85 59
53 84 37 89 32 80 33 96 33 74 34 108 58 63 61 118 91 53 94 124 119 46 122 97 122 69 121 100 165 67 163 103 201 62 202 85 59
54 84 37 89 32 80 33 96 33 74 34 107 58 62 61 118 91 53 93 124 119 46 122 98 121 69 121 100 165 67 162 103 201 62 202 85 60
55 84 37 89 32 80 33 96 33 74 34 107 58 62 61 118 91 53 93 125 119 46 122 97 121 69 121 100 164 67 162 103 200 62 202 85 60
56 85 37 89 32 80 33 96 33 74 34 107 59 62 61 118 91 53 93 125 119 46 122 98 121 69 121 100 164 67 163 103 200 62 202 85 60
57 85 37 89 32 80 33 96 33 74 34 107 58 62 61 118 91 53 93 125 119 46 122 98 121 69 121 100 164 67 163 103 200 62 202 85 60
58 85 37 89 33 80 33 96 33 74 34 108 58 62 61 118 91 53 93 124 119 46 122 98 121 69 121 100 164 67 163 103 200 62 202 85 60
59 84 37 89 32 80 33 96 33 74 34 107 58 62 61 118 91 53 94 124 119 46 122 98 121 69 121 100 164 67 163 103 201 62 202 85 59
60 85 37 89 32 80 33 96 33 74 34 107 58 62 61 119 91 53 93 124 119 46 122 98 121 69 121 100 164 67 163 103 200 62 202 85 59
61 85 37 89 32 80 32 96 33 74 33 108 58 62 61 118 91 53 93 124 119 46 122 98 121 69 121 100 164 67 163 103 200 62 202 85 59
62 85 36 89 32 80 32 95 33 74 34 108 58 63 61 119 91 53 93 124 120 46 121 98 121 69 121 100 165 67 163 103 200 62 202 85 59
63 85 36 89 31 80 32 96 33 74 33 108 58 63 61 118 91 53 93 124 120 47 121 98 121 69 121 100 164 67 163 103 201 62 202 85 59
64 84 35 88 31 79 31 96 33 74 33 108 58 63 60 118 92 53 93 124 120 47 121 98 122 69 121 100 165 67 163 103 201 62 202 85 59
65 84 35 89 31 80 31 95 33 74 33 108 58 62 60 118 92 53 93 124 121 47 122 98 122 69 121 100 165 67 164 103 201 62 202 85 59
66 84 35 89 30 80 31 96 33 74 33 108 58 62 60 118 92 53 94 124 121 47 122 98 122 70 121 100 165 67 163 103 200 62 202 85 59
67 84 35 88 31 79 31 96 33 74 33 108 58 63 60 118 93 53 94 124 122 47 122 98 122 70 121 100 165 67 163 103 200 62 202 85 59
68 84 36 88 31 79 32 95 33 74 33 108 59 62 61 118 94 53 94 124 122 47 122 98 122 70 121 100 165 66 163 103 200 61 202 85 60
69 84 37 88 32 79 32 95 33 74 34 108 59 62 62 119 94 53 94 124 124 47 123 98 123 70 122 101 165 66 163 103 199 61 202 85 60
70 84 37 88 32 79 33 95 33 74 34 108 60 62 62 119 95 53 95 124 124 47 124 98 125 70 122 101 166 65 163 103 201 61 202 85 61
71 84 38 88 33 79 34 95 34 74 36 108 61 62 63 119 96 53 95 124 125 48 124 98 125 70 122 101 166 65 164 104 201 61 202 85 62
72 84 40 88 35 79 36 95 36 74 37 108 63 62 65 119 98 53 96 124 127 47 125 98 125 70 123 102 166 65 163 104 201 61 202 85 63
73 83 41 88 37 79 37 95 37 73 39 108 64 62 66 119 99 53 97 123 127 47 126 98 125 69 123 102 166 65 164 104 202 61 202 85 65
74 83 44 88 39 79 39 95 40 73 41 108 66 62 67 119 101 53 99 123 128 47 128 98 124 69 122 102 165 64 162 104 201 61 202 85 67
75 83 45 87 40 78 41 95 41 73 42 108 68 62 70 119 102 53 102 123 130 47 129 98 125 69 123 102 165 64 162 104 202 61 202 85 69
76 83 49 87 44 78 44 95 43 73 45 108 71 62 72 119 103 53 104 123 131 47 131 97 123 69 122 102 164 64 162 104 201 61 202 85 71
77 83 50 87 46 78 46 95 47 73 48 108 73 61 73 119 105 53 106 123 133 47 133 98 123 69 122 103 164 64 161 104 201 61 202 85 72
79 83 56 87 50 79 51 95 50 74 52 108 77 62 78 119 110 53 109 123 137 47 138 97 123 69 121 103 163 63 161 104 202 61 202 85 77
80 84 58 88 53 79 54 95 53 73 55 108 78 62 80 119 111 53 110 123 139 47 140 97 123 69 121 104 163 62 160 104 203 61 202 85 78
81 84 61 88 55 79 56 95 56 73 57 108 80 62 82 119 113 52 111 122 141 47 141 97 123 69 122 104 163 62 161 104 202 61 202 85 80
82 82 63 86 58 77 58 94 57 72 58 108 82 62 83 119 115 52 112 123 143 47 142 97 123 70 122 104 163 62 159 104 203 61 202 85 82
83 83 66 87 61 78 61 94 59 72 61 108 84 62 85 119 117 52 113 123 144 47 144 97 123 70 122 104 163 62 159 104 203 61 202 85 84
84 83 68 88 63 78 63 95 62 72 63 109 86 62 87 119 118 52 116 123 146 47 147 98 123 70 123 104 162 62 158 104 202 61 202 85 85
85 83 70 88 65 78 65 95 64 72 65 109 87 62 88 119 118 52 117 122 146 46 148 98 123 70 123 105 162 62 158 104 203 61 202 85 87
86 83 72 87 67 78 67 95 66 72 67 109 89 62 90 119 121 52 118 122 149 47 149 98 125 70 123 105 163 61 158 104 203 61 202 85 89
87 84 74 88 69 79 70 95 68 73 70 109 92 62 92 119 123 51 121 122 151 47 151 98 124 70 122 105 161 61 158 104 203 61 202 85 91
88 85 76 89 71 79 71 96 70 73 72 109 94 62 94 119 125 51 123 122 153 47 153 98 123 70 122 106 160 60 159 104 203 61 202 85 93
89 84 78 88 73 79 73 96 72 73 74 110 96 62 96 119 127 51 125 121 155 47 155 99 125 70 123 107 160 60 160 104 203 61 203 86 95
90 83 81 88 76 78 76 96 74 73 75 110 99 61 98 119 130 51 129 121 157 47 157 100 125 70 122 107 161 59 160 104 204 61 202 86 98
91 85 83 89 77 80 78 96 76 73 78 111 101 62 101 119 134 51 133 121 159 46 159 100 127 72 124 108 162 59 161 105 203 61 202 87 101
92 84 85 89 80 79 81 96 79 73 81 110 103 62 102 118 135 50 134 120 160 46 160 101 129 72 125 108 163 58 161 105 203 61 203 87 102
93 84 87 88 82 79 82 96 81 73 82 110 105 61 105 118 138 50 138 120 163 46 162 101 131 72 128 108 166 58 162 105 203 61 203 86 104
94 84 90 89 84 80 85 96 83 73 85 110 107 61 107 118 142 50 141 120 166 46 164 101 133 73 129 108 166 58 163 105 204 62 202 86 106
95 84 92 89 87 80 88 95 85 73 87 109 109 62 109 118 143 50 141 120 168 46 165 101 134 73 129 108 166 58 163 105 204 62 203 86 108
96 85 93 89 88 80 89 96 87 73 89 109 110 62 110 118 144 50 143 121 170 45 167 100 134 73 130 107 166 59 164 105 204 62 203 86 109
97 85 94 89 89 80 90 96 88 73 90 109 111 62 111 118 146 50 145 120 173 45 170 99 134 72 130 107 167 59 164 105 204 62 203 86 110
98 84 98 89 93 79 93 96 91 73 92 108 113 62 113 117 147 50 146 120 174 45 171 98 134 72 130 107 169 59 163 104 203 62 203 86 112
99 84 99 89 94 79 94 96 93 73 93 108 114 63 114 117 149 50 149 120 175 45 171 97 135 72 130 108 168 59 161 104 205 61 203 86 113
100 84 100 89 95 79 96 96 94 73 94 107 114 63 114 117 150 51 149 120 177 45 173 98 137 73 132 108 166 59 161 105 205 61 204 86 114
101 84 101 89 97 79 97 96 95 73 96 107 115 63 116 117 150 51 150 120 178 45 174 97 138 72 133 107 166 58 161 105 205 61 204 85 115
102 84 102 88 98 79 98 95 96 73 97 107 117 63 117 116 152 50 151 121 180 45 176 97 138 70 134 108 165 58 162 105 203 61 204 85 116
103 84 105 88 100 79 101 95 98 72 99 107 118 63 118 116 153 50 151 121 181 45 178 97 141 69 137 107 163 58 163 105 202 62 203 85 118
104 84 106 88 101 79 101 95 99 72 99 107 119 63 120 116 155 50 155 120 182 45 180 96 141 69 138 107 162 58 164 105 202 62 203 85 119
105 84 107 88 102 79 103 95 100 73 101 107 120 63 121 115 156 49 155 120 183 45 180 97 141 70 138 107 162 59 163 104 203 62 203 85 120
106 83 108 87 103 78 104 95 101 72 102 107 121 63 121 115 158 49 154 120 185 45 181 97 143 70 140 107 162 59 162 105 202 62 203 85 121
107 84 109 88 104 79 105 95 102 72 104 106 121 63 122 115 158 48 156 120 185 44 182 97 143 72 140 107 162 58 161 105 201 62 201 85 122
108 82 109 87 105 78 105 94 103 72 104 106 122 63 121 115 159 48 156 120 186 44 182 97 143 72 140 108 162 58 161 105 202 62 201 85 122
109 83 110 87 105 78 106 95 103 73 105 106 122 63 122 115 159 48 157 120 187 44 183 97 143 68 141 107 162 58 162 105 202 62 202 85 122
110 83 110 87 105 78 106 95 103 72 105 106 122 63 123 116 159 48 157 120 186 44 183 97 143 72 139 107 162 57 161 105 202 62 201 85 122
111 83 110 87 105 78 106 94 103 72 105 106 122 63 122 115 159 48 157 120 186 44 182 97 143 72 140 107 162 57 161 105 201 62 201 85 122
112 83 110 87 105 78 106 94 103 72 104 106 122 63 122 115 159 48 156 120 186 44 182 97 143 68 141 107 163 58 161 105 202 62 202 85 122
113 82 110 87 105 78 106 94 102 72 105 106 122 63 122 115 158 48 156 120 186 44 182 97 143 70 140 107 162 58 161 104 202 62 202 85 122
114 82 110 86 105 77 106 94 102 72 104 106 122 63 122 115 158 48 156 120 186 44 182 97 143 70 140 107 162 58 161 104 201 62 201 85 122
115 82 109 86 105 77 105 94 102 72 104 106 122 63 121 115 158 48 156 120 186 44 182 97 143 70 140 107 163 58 161 104 201 62 201 85 122
116 82 109 87 105 78 105 94 102 72 104 106 122 62 122 115 158 49 156 120 186 44 182 97 143 68 141 107 163 58 161 104 202 62 202 84 122
117 82 109 87 105 78 105 94 102 72 104 106 122 63 122 115 158 50 156 120 186 44 182 96 143 68 141 107 163 58 161 104 202 62 201 85 122
118 82 109 87 104 78 105 94 102 72 104 106 122 63 122 115 158 48 157 120 186 44 183 97 143 68 141 107 163 57 161 104 202 62 202 85 122
119 82 109 87 105 78 105 94 103 72 105 106 122 63 122 115 158 49 157 120 186 44 183 97 143 71 140 107 163 57 161 104 202 62 201 85 122
120 82 109 87 105 78 105 94 103 72 104 106 122 63 122 115 158 49 157 120 186 44 183 97 143 72 140 107 163 58 161 104 201 62 201 85 122
121 82 109 87 105 78 106 94 103 72 105 106 122 63 122 115 158 48 157 120 186 44 183 97 143 70 140 107 163 58 162 104 201 62 201 85 122
122 82 109 87 105 78 105 94 103 72 105 106 122 63 122 115 158 48 157 120 186 44 183 97 143 71 140 107 163 58 161 104 202 62 201 85 122
123 82 109 86 105 77 106 94 103 72 105 106 122 63 122 115 158 48 157 120 186 44 183 97 143 71 140 107 163 58 161 104 201 62 201 85 122
124 82 109 87 105 78 106 94 103 72 105 106 122 63 122 115 158 48 157 120 186 44 182 97 143 71 140 107 163 58 161 104 202 62 201 85 122
125 82 110 86 105 77 106 94 102 72 105 106 122 63 122 115 158 49 156 120 186 44 182 97 143 72 140 107 163 58 161 104 202 62 202 85 122
126 82 109 86 105 77 105 94 102 72 105 106 122 63 122 115 158 49 156 120 186 44 182 97 143 72 140 107 163 58 161 104 202 62 202 85 122
127 82 109 86 105 77 105 94 102 72 104 106 122 63 122 115 159 49 156 120 186 44 182 97 143 72 140 107 163 58 161 104 202 62 202 85 122
128 82 109 87 104 78 105 94 103 72 104 106 122 63 122 115 159 49 156 120 186 44 182 97 142 71 140 108 162 58 161 105 199 62 202 85 122
129 83 109 87 104 78 105 94 103 72 104 106 122 63 122 115 159 49 157 120 186 44 182 97 142 70 140 107 162 58 161 105 199 62 202 85 122
130 83 109 87 104 78 105 94 103 72 104 106 122 63 122 115 159 49 156 120 186 44 182 97 143 70 140 108 162 58 161 105 199 62 202 85 122
131 83 108 87 103 78 104 94 102 72 104 106 121 63 122 115 158 50 156 120 185 44 182 97 143 70 140 107 162 58 161 105 200 62 202 85 122
132 83 108 87 103 78 104 94 101 72 103 106 121 63 121 115 157 49 155 120 184 44 181 96 142 70 139 107 162 59 161 105 202 62 202 85 121
133 83 106 87 101 78 102 94 99 72 101 105 120 62 121 114 155 50 155 120 182 44 180 95 142 69 139 107 163 59 162 104 203 62 203 84 120
134 82 104 86 99 77 100 94 98 72 99 105 118 63 118 115 154 50 155 120 181 45 179 94 139 67 138 107 162 58 163 104 203 62 203 84 118
135 82 102 87 97 77 98 94 96 71 97 105 117 63 116 115 151 50 150 120 179 44 176 95 137 69 134 107 163 58 162 105 203 62 203 84 115
136 82 101 86 96 77 96 93 94 71 96 104 115 62 115 116 150 50 149 120 178 45 174 95 136 70 131 106 166 58 162 105 203 62 203 84 114
137 81 97 85 93 76 93 93 91 71 92 105 113 62 113 116 148 49 149 119 175 45 171 95 133 69 130 108 166 57 159 105 205 62 203 84 111
138 82 94 86 89 77 90 93 88 71 90 105 111 61 111 116 145 49 146 119 174 45 170 97 133 70 129 108 168 58 159 105 205 62 203 84 109
139 83 91 87 85 78 86 94 85 72 86 105 109 61 108 117 145 48 145 120 171 45 166 96 131 70 128 108 166 57 161 105 205 62 203 84 107
140 82 87 86 82 77 82 94 81 72 83 106 106 61 106 116 141 48 144 119 166 45 164 98 131 72 127 109 165 57 162 105 204 62 202 84 105
141 83 84 87 79 77 79 94 78 71 80 106 103 61 104 116 135 48 138 119 162 45 162 99 129 70 126 109 165 57 161 105 204 62 202 84 103
142 82 80 86 75 77 75 94 74 71 77 106 101 60 101 116 133 49 135 119 159 45 159 98 125 69 123 109 162 57 160 105 204 62 202 84 100
143 82 76 86 71 77 71 94 71 71 74 106 97 61 97 117 130 49 130 119 155 45 157 99 124 69 123 109 161 58 159 105 204 62 202 84 96
144 82 72 86 67 77 68 93 68 72 70 106 92 61 94 117 126 49 125 119 151 45 153 98 123 69 123 108 160 58 158 105 204 61 202 83 93
145 82 69 86 64 77 65 93 64 71 67 106 90 61 90 117 122 50 119 120 148 45 149 97 123 68 122 106 158 58 157 105 203 61 202 83 89
146 82 65 86 60 77 61 93 61 71 63 106 86 61 88 117 115 50 117 121 145 45 147 97 122 69 122 105 159 59 155 105 203 61 202 83 86
147 81 61 86 56 77 57 93 58 71 59 105 84 61 84 117 114 50 114 121 143 46 144 96 122 69 122 104 162 59 155 104 203 61 202 83 83
148 82 57 86 53 78 53 93 55 72 55 105 80 61 81 117 112 50 112 121 140 45 141 96 123 68 122 102 162 61 159 104 203 61 202 83 79
149 82 54 87 49 78 50 94 51 72 51 105 77 60 78 117 108 50 109 121 138 46 138 95 123 67 122 102 164 61 160 104 203 61 203 83 77
150 82 50 86 45 77 46 93 47 72 49 105 74 59 74 117 106 50 106 121 135 45 135 95 123 67 122 102 165 62 161 104 202 61 203 82 74
151 81 45 86 41 77 41 93 44 72 45 106 71 60 72 117 103 50 103 121 131 45 131 95 122 67 122 101 164 62 161 104 201 61 203 83 71
152 82 43 87 39 78 39 93 41 72 42 105 68 60 69 117 101 50 100 122 130 45 129 95 123 67 122 101 163 63 162 104 201 61 202 83 68
153 82 40 87 36 78 36 93 39 72 39 105 66 60 66 117 100 50 98 121 128 45 128 96 123 67 122 100 163 63 162 104 201 61 202 83 66
154 82 38 87 33 77 33 94 36 71 37 105 63 60 65 117 97 51 96 122 126 44 125 96 122 67 121 100 163 63 163 104 201 61 203 83 64
155 82 36 87 32 78 32 94 34 72 35 106 62 60 63 117 96 50 95 122 125 44 124 96 122 67 121 99 163 64 162 104 201 61 203 83 62
156 82 36 87 31 78 31 94 33 72 34 106 60 60 61 117 95 50 94 122 124 44 124 96 122 67 121 99 164 64 163 104 201 61 203 83 60
157 83 34 87 30 78 30 94 32 72 33 106 59 61 61 117 94 51 94 122 123 44 123 96 122 68 121 99 164 65 164 103 201 61 203 83 60
158 83 34 87 29 78 29 94 32 72 32 106 59 61 60 117 93 51 94 122 123 44 123 96 122 68 121 99 165 65 164 103 201 61 203 84 59
159 83 33 87 29 78 29 94 32 73 32 106 58 61 60 117 92 51 93 123 122 45 123 97 121 68 121 99 165 66 164 104 201 61 203 84 59
160 83 34 87 30 79 30 94 32 73 32 106 58 62 60 117 93 51 92 123 122 45 121 97 121 69 121 99 165 66 163 103 201 61 203 84 59
161 83 34 87 30 78 30 94 32 73 33 107 58 62 60 117 93 51 93 123 122 45 121 97 121 69 121 99 165 66 163 103 201 62 203 84 59
162 83 35 87 30 79 31 94 33 73 33 106 59 62 60 117 93 51 93 123 122 45 121 96 121 69 121 100 165 66 163 103 201 62 203 84 59
163 83 36 87 31 79 32 95 33 73 34 107 59 62 61 117 92 52 93 124 121 45 122 97 121 69 121 99 165 67 163 103 201 62 202 84 60
164 83 36 87 32 78 32 95 33 73 34 107 59 62 61 117 93 52 94 124 121 45 122 97 122 69 121 99 165 66 163 103 201 62 203 85 60
165 83 36 88 32 79 32 95 33 73 34 107 59 62 61 117 93 52 94 124 121 45 122 97 122 69 121 100 165 66 163 103 201 62 202 85 60
166 83 37 88 32 79 32 95 33 73 34 107 59 62 61 117 93 52 93 124 121 45 122 98 122 69 121 100 165 67 163 103 200 62 202 85 60
167 83 37 88 32 79 32 95 33 73 34 107 59 62 61 118 93 52 94 124 121 45 122 97 122 69 121 100 165 67 162 103 200 62 202 85 60
168 84 37 88 32 79 32 95 33 74 34 107 59 62 61 118 93 52 94 124 122 45 122 97 122 69 121 100 165 67 162 103 200 62 202 85 60
169 84 37 88 32 79 32 95 34 74 34 107 59 62 61 118 93 52 94 124 121 46 122 97 122 69 121 100 165 67 162 103 200 62 202 85 60
170 84 37 88 33 79 33 95 34 74 34 107 59 62 61 118 93 53 94 124 121 46 122 98 122 69 122 100 165 67 163 103 200 62 202 85 60
171 84 37 88 32 79 33 95 34 74 34 107 59 62 61 118 93 53 94 124 121 46 122 98 122 70 121 100 165 67 162 103 200 62 202 85 60
172 84 37 88 32 79 33 95 34 74 34 107 59 62 61 118 93 53 94 124 121 46 122 98 122 70 121 100 165 67 163 103 200 62 202 85 60
173 84 37 88 32 79 32 95 34 74 34 107 59 62 61 118 93 53 94 124 121 46 122 98 122 70 121 100 165 67 162 103 200 62 202 85 60
174 84 37 88 32 79 32 95 34 74 34 107 59 62 61 118 93 53 94 124 121 46 122 98 122 70 121 100 165 67 163 103 200 62 202 85 60
175 83 37 88 32 79 32 95 34 74 34 107 59 62 61 118 93 53 94 124 121 46 122 98 122 70 121 100 165 67 163 104 201 62 202 85 60
176 84 36 88 32 79 32 95 33 74 34 107 59 62 61 118 93 53 94 124 121 46 122 98 122 70 121 100 165 67 163 103 201 62 202 85 60
177 83 36 88 31 79 31 95 33 73 34 107 59 62 61 118 93 53 94 124 121 46 122 98 122 70 121 100 165 67 163 103 201 62 202 85 60
178 84 35 88 31 79 31 95 33 73 33 107 59 62 61 118 93 53 94 124 121 46 122 98 122 69 121 100 165 67 163 103 201 62 202 85 60
179 83 36 88 31 79 32 95 33 73 33 107 59 62 61 118 93 53 94 124 122 46 122 97 122 69 121 100 165 67 163 103 201 61 202 85 60
180 83 35 88 31 79 31 95 33 73 33 107 59 62 61 118 93 53 93 124 122 46 122 97 122 69 121 100 164 67 162 103 201 62 202 85 59
181 83 34 88 30 79 30 95 32 73 32 107 59 62 60 118 93 53 93 124 121 46 122 98 122 69 121 100 165 67 163 103 201 61 202 85 59
182 83 34 88 30 79 30 95 32 73 32 107 58 62 60 118 92 53 93 124 122 46 122 97 122 69 121 100 164 66 163 104 201 62 202 85 59
183 83 34 88 30 79 30 95 32 73 32 107 59 62 60 118 93 53 94 124 122 46 122 98 122 70 121 100 164 66 163 104 201 61 202 85 59
184 83 34 87 30 78 30 95 32 73 33 107 59 62 61 118 93 53 94 123 122 46 123 98 123 70 122 100 165 66 163 104 200 61 202 85 60
185 83 36 88 31 79 32 95 32 73 33 107 59 62 61 118 93 53 94 123 123 46 123 98 123 70 122 101 165 66 164 104 201 61 202 85 60
186 83 36 87 31 78 32 95 33 73 34 107 60 62 62 118 95 53 95 123 123 47 124 98 123 70 122 101 165 66 164 104 201 61 202 85 61
187 83 37 87 32 78 33 95 33 73 35 107 60 62 62 118 94 53 95 123 124 47 124 98 122 69 121 101 165 65 163 104 201 61 202 85 61
188 83 38 87 33 78 33 95 34 73 35 107 61 62 63 118 96 53 96 123 125 47 125 97 123 69 122 101 165 65 163 104 201 61 203 85 62
189 83 40 87 35 79 35 94 35 73 38 107 63 62 65 118 97 53 97 123 126 47 126 97 124 69 122 102 166 64 163 104 201 61 203 85 63
190 83 41 88 36 79 37 94 38 73 39 107 64 61 66 118 98 53 99 123 127 47 128 97 123 69 122 102 165 64 162 104 202 61 203 84 65
191 83 42 87 38 78 38 94 40 73 40 107 66 62 67 118 101 53 100 123 129 47 129 97 124 69 122 102 165 64 162 104 201 61 203 84 67
192 82 45 87 40 78 40 94 41 72 42 107 68 62 69 118 101 53 102 123 129 47 130 97 123 68 122 102 164 63 162 105 202 61 203 85 68
193 82 47 86 42 78 43 94 43 73 45 107 70 61 71 118 103 53 104 123 131 48 131 97 123 69 122 102 164 63 162 105 202 61 202 85 70
194 83 49 87 44 78 45 94 46 73 47 107 71 61 73 118 103 53 105 123 132 48 133 97 122 69 121 103 163 63 160 105 202 61 202 84 72
195 83 52 87 47 78 48 94 48 72 49 107 73 61 74 118 105 53 106 122 134 48 135 97 123 68 122 103 165 62 161 105 202 61 202 84 74
196 82 54 87 49 78 50 94 49 72 51 107 75 61 76 118 108 53 108 123 137 48 138 97 123 68 121 103 165 62 161 105 202 61 202 84 75
197 83 56 87 51 78 52 94 51 73 53 107 77 61 78 118 109 53 109 122 138 47 139 97 123 69 122 103 164 62 161 105 203 61 202 84 77
198 83 58 87 53 79 53 94 53 73 55 107 78 61 80 117 110 53 110 122 139 47 140 97 123 68 122 103 163 62 160 105 203 61 202 84 78
199 83 60 87 55 78 56 94 55 72 57 107 80 61 82 118 113 53 112 122 140 47 142 97 123 69 122 104 163 62 161 105 202 61 202 84 80
200 82 62 87 57 78 57 94 57 72 58 107 81 62 83 118 114 53 113 122 142 47 143 97 123 70 122 104 163 62 159 105 202 61 202 84 81
201 83 64 87 59 78 60 94 59 72 60 107 83 62 84 118 116 53 114 123 144 47 146 97 123 69 122 104 162 62 158 105 202 61 202 84 83
202 83 66 87 61 78 61 94 61 72 62 108 85 61 86 118 117 52 115 122 145 47 147 97 123 70 123 105 162 62 158 105 203 61 202 84 85
203 83 67 88 63 78 63 94 63 72 64 108 86 61 88 118 118 52 117 122 146 47 147 98 123 70 122 105 162 62 158 105 203 61 202 84 86
204 83 69 87 64 78 65 95 65 72 66 108 89 62 89 118 121 52 118 122 148 48 149 97 123 70 123 105 161 61 159 105 203 61 202 84 88
205 83 72 87 67 78 67 95 66 72 68 108 90 62 91 119 122 52 121 122 150 48 150 98 123 70 123 106 160 61 159 105 203 61 202 85 90
206 84 74 88 68 79 69 95 68 73 70 109 93 62 94 119 125 52 124 122 152 48 154 98 123 69 122 106 160 60 160 105 203 61 202 85 92
207 84 75 88 70 79 71 95 71 73 72 109 94 62 95 119 125 52 125 122 154 48 154 98 124 70 123 106 160 60 161 105 203 61 202 86 94
208 83 77 88 72 79 73 95 72 73 74 110 97 62 97 119 130 52 128 121 157 48 156 99 125 70 123 107 161 59 161 105 204 61 202 86 96
209 83 79 88 74 79 75 95 74 73 76 110 99 62 99 119 133 51 132 121 159 47 158 99 126 70 123 107 162 59 162 105 203 61 202 86 98
210 84 82 89 77 80 78 95 77 73 78 110 102 62 101 119 135 51 133 120 160 48 159 100 127 72 125 108 163 59 162 105 204 61 202 87 101
211 84 84 89 80 79 80 96 80 73 81 109 103 62 103 118 135 51 135 121 162 47 161 100 129 72 126 108 165 59 163 105 204 61 202 86 102
212 84 86 88 81 79 82 95 81 73 82 109 105 61 105 118 138 51 138 121 164 47 162 100 131 72 128 108 166 58 163 105 204 61 202 86 104
213 83 88 88 83 79 83 95 82 73 83 109 107 61 106 118 142 51 141 121 166 46 165 99 131 72 128 108 165 58 163 105 204 62 202 85 106
214 84 90 88 85 79 85 95 84 73 85 108 108 61 107 118 144 51 143 120 170 46 166 100 133 73 129 108 166 58 163 105 204 62 202 85 107
215 84 92 88 87 79 88 95 86 72 88 107 109 61 108 118 144 51 145 120 171 47 167 99 132 72 129 108 166 59 162 105 204 62 203 85 107
216 83 93 88 88 78 89 95 87 72 90 107 110 62 110 117 145 50 146 120 172 46 170 99 133 72 129 108 166 59 161 105 205 62 203 86 108
217 84 95 88 90 79 91 95 89 72 90 107 111 62 111 117 146 51 146 120 174 46 171 98 134 72 130 108 168 60 161 105 204 62 203 85 110
219 83 98 88 93 78 93 95 92 72 93 107 114 62 113 117 149 51 148 120 175 46 173 97 134 72 130 108 166 59 161 105 204 62 203 85 112
220 84 99 88 95 79 95 95 94 72 94 107 114 63 115 117 149 51 150 120 177 45 174 98 135 73 131 108 166 59 161 105 203 62 203 85 114
222 83 102 88 97 78 98 95 96 72 97 106 117 63 117 116 151 51 154 121 180 45 179 97 138 72 134 107 163 60 161 105 203 62 203 85 116
223 83 104 88 99 79 99 95 97 72 98 106 117 63 118 116 152 51 155 120 181 45 179 97 140 70 135 107 162 59 162 105 202 62 202 85 117
224 83 105 88 100 79 100 95 98 73 99 107 119 64 119 115 155 52 155 120 182 45 180 97 140 72 137 108 160 59 161 105 201 62 201 86 118
225 84 106 88 101 79 101 95 99 73 101 107 121 64 121 115 156 51 155 120 183 45 181 97 141 72 137 107 161 59 161 105 202 62 201 86 120
226 84 107 88 102 79 102 95 100 73 102 107 120 63 121 115 156 51 155 120 184 45 182 97 141 72 138 107 162 59 161 105 202 62 201 86 121
227 84 107 88 103 79 103 95 101 73 103 107 121 63 121 115 157 50 155 120 184 45 182 97 142 72 139 107 162 59 162 105 201 62 202 86 121
228 83 107 87 103 79 104 95 102 73 103 107 121 63 122 115 157 50 155 120 185 45 182 98 142 72 139 108 162 59 161 105 201 62 202 86 121
229 83 108 88 103 79 104 95 102 73 104 107 121 63 122 116 157 50 155 121 185 45 182 98 142 72 139 108 162 59 162 105 202 62 202 86 121
230 83 108 87 103 79 104 95 102 73 103 107 121 63 121 116 157 50 155 120 186 45 182 98 142 72 139 108 162 59 162 105 202 62 202 86 121
231 83 107 88 103 79 103 95 102 73 103 107 120 63 121 115 157 50 156 120 185 45 182 98 142 71 139 108 162 59 162 105 201 62 202 86 121
232 84 107 88 103 79 103 95 102 73 103 107 121 63 121 116 158 50 157 121 186 45 182 98 142 71 139 108 162 59 162 105 201 62 202 86 121
233 83 107 88 102 79 103 95 101 73 103 107 121 64 121 115 157 51 156 121 186 45 182 98 142 72 139 108 162 59 162 105 201 62 202 86 121
234 84 107 88 103 79 103 95 102 73 103 107 121 63 121 116 157 50 155 121 185 45 182 98 142 72 139 107 162 59 162 105 201 62 202 86 121
235 84 108 88 103 79 104 95 102 73 103 107 121 63 122 116 157 50 155 121 186 45 182 98 142 72 139 108 162 58 162 105 201 62 202 86 121
236 83 107 88 103 79 104 95 102 73 103 107 121 63 122 116 157 50 155 121 185 45 182 97 142 70 139 108 162 58 162 105 201 62 202 86 121
237 83 108 87 103 78 104 95 102 73 103 107 121 63 122 116 158 50 155 121 186 45 182 97 142 71 139 108 162 58 162 105 201 62 202 86 121
238 83 108 88 103 79 104 95 101 73 103 107 121 63 122 116 158 51 155 121 186 45 182 97 142 72 139 108 162 58 162 105 202 62 202 86 121
239 83 107 88 103 79 103 95 101 73 103 107 121 63 122 116 157 51 155 121 186 45 181 97 142 72 139 108 162 58 162 105 202 62 202 86 121
240 83 107 88 103 79 104 95 101 73 103 107 121 63 122 115 157 51 157 121 185 45 181 97 142 71 139 108 162 59 162 105 202 62 202 86 121
241 83 107 88 102 79 103 95 101 73 102 107 120 63 121 115 157 51 155 121 185 45 181 97 141 72 138 108 162 58 162 105 202 62 202 86 121
242 84 106 88 101 79 102 95 100 73 101 107 120 64 120 115 156 51 155 121 183 45 181 97 141 70 138 108 162 59 162 105 203 62 202 85 120
243 83 106 88 101 79 101 95 100 73 100 106 120 64 120 115 156 51 155 121 183 45 181 95 140 69 138 107 161 58 161 104 202 62 202 85 119
244 83 104 88 100 78 100 95 98 72 99 106 119 63 119 115 154 51 154 120 181 45 181 96 141 69 138 107 162 59 162 105 203 62 202 85 118
245 83 102 88 98 78 98 95 97 72 98 106 117 63 117 115 151 51 153 121 179 45 178 96 138 70 135 107 163 59 161 105 202 62 202 85 117
246 82 101 87 96 78 97 94 96 72 96 106 116 63 116 115 151 51 151 121 179 45 177 96 137 71 133 107 163 58 161 105 204 62 203 85 115
247 83 99 87 94 78 94 94 94 72 94 106 114 62 115 116 149 50 150 120 177 45 174 97 135 72 131 107 166 58 161 105 204 62 203 85 114
248 82 97 87 92 77 92 94 91 71 92 106 113 62 113 116 148 50 149 120 174 46 172 95 132 70 130 108 168 58 161 105 204 61 203 85 111
249 83 93 87 88 78 89 94 88 72 90 106 111 62 111 117 146 50 148 120 174 46 171 97 133 72 129 109 168 58 160 105 205 62 203 85 110
250 83 91 88 86 79 87 94 85 72 88 106 109 61 109 117 146 49 146 120 172 46 168 98 133 72 129 108 165 58 160 105 205 62 202 85 108
251 83 88 87 83 78 84 94 82 73 84 107 107 62 107 117 143 49 145 120 170 45 166 98 131 72 128 108 165 58 161 105 204 62 202 85 106
252 82 86 87 80 78 81 94 81 72 82 107 106 62 105 117 139 50 141 120 165 46 163 99 130 72 126 109 165 58 161 105 204 62 202 85 104
253 83 82 87 78 78 78 95 78 72 80 107 102 62 103 117 135 50 138 120 163 46 162 99 128 70 125 109 165 57 162 105 204 62 202 85 102
254 82 80 87 76 77 76 95 75 72 77 108 101 62 99 118 134 50 133 120 160 46 159 99 126 70 125 109 162 57 161 105 204 62 202 85 99
255 83 76 88 72 78 72 95 73 72 74 109 98 62 98 118 130 51 130 121 158 47 157 99 125 69 123 109 161 57 161 105 204 61 202 86 97
256 83 74 88 69 79 69 95 70 73 71 108 96 62 96 118 130 51 127 121 156 48 155 99 122 69 122 108 161 58 159 105 204 61 202 85 95
257 83 71 87 66 78 67 95 67 73 69 107 92 62 93 118 126 52 122 121 153 48 153 98 122 69 122 107 160 58 159 105 204 61 202 85 92
258 83 68 88 63 78 64 95 64 72 66 107 89 62 90 118 121 52 119 121 149 47 148 98 122 69 122 106 159 59 159 105 204 61 203 84 89
259 83 65 88 60 79 60 94 61 73 62 107 86 63 86 118 117 52 115 122 146 48 146 98 121 69 122 106 159 59 157 105 204 61 202 84 86
260 83 60 87 56 78 57 95 57 73 58 107 84 63 83 118 115 52 112 122 144 48 144 97 122 69 121 105 162 60 158 105 203 61 202 84 83
261 83 57 88 52 79 53 94 55 74 55 107 81 62 81 118 114 52 111 122 142 48 142 97 122 69 121 104 163 61 159 105 203 61 202 84 80
262 83 53 88 49 79 50 95 51 73 52 107 78 62 79 118 109 52 110 123 139 47 139 97 122 68 122 104 164 62 162 105 203 61 203 84 77
263 84 49 88 44 79 45 95 48 74 49 107 75 61 75 118 108 53 107 123 137 47 137 97 122 69 121 103 164 62 161 105 203 61 203 84 74
264 84 45 88 41 79 41 95 44 74 45 107 72 61 73 119 104 52 105 123 133 47 133 97 122 69 121 103 164 63 161 104 203 61 202 84 71
265 83 41 88 37 79 37 95 41 73 42 107 69 62 70 118 101 53 102 123 131 47 130 98 121 69 121 103 164 64 162 104 202 61 202 84 68
266 84 38 88 34 80 34 95 38 73 39 107 66 62 66 119 101 53 98 123 129 47 128 98 121 69 120 102 163 64 161 104 202 61 202 84 66
267 84 36 88 32 79 32 95 35 73 36 107 63 61 64 118 98 53 96 123 127 47 125 98 121 69 120 101 162 64 160 104 201 61 202 85 63
268 84 33 88 29 79 29 95 33 73 34 107 61 62 62 118 95 52 95 123 125 47 125 98 121 69 120 100 163 65 161 104 201 61 202 85 61
269 84 32 88 28 79 28 95 32 74 32 107 59 62 61 118 94 52 94 123 124 47 123 98 121 69 119 100 163 65 162 104 201 61 202 85 60
270 84 32 89 28 80 28 95 31 74 31 107 58 62 60 118 93 52 93 124 123 47 122 97 122 69 121 100 164 65 164 104 201 61 203 85 59
271 85 32 89 28 80 28 95 31 74 31 107 58 62 59 118 93 52 93 124 122 47 122 97 121 69 121 100 165 66 164 103 200 61 202 85 58
272 85 32 89 28 81 28 95 31 74 31 107 58 62 59 118 92 52 93 124 121 47 121 97 122 69 121 99 165 67 163 103 201 62 202 85 58
273 84 32 89 28 80 28 95 31 74 31 107 58 62 60 118 92 53 93 124 121 47 121 97 121 69 121 99 165 67 163 103 201 62 202 84 58
274 84 33 89 29 80 29 95 32 74 31 107 58 62 60 118 93 53 93 124 121 47 121 97 122 69 121 99 165 67 163 103 201 62 202 84 59
275 84 33 89 29 80 29 95 33 74 32 107 58 62 60 118 93 53 93 124 121 47 121 97 121 69 121 100 165 67 162 103 201 62 202 84 59
276 84 33 89 29 80 30 95 33 74 33 107 58 62 61 117 93 53 93 124 121 47 121 97 121 69 119 99 164 67 162 103 200 62 202 84 59
277 85 34 89 30 80 30 95 33 74 34 107 58 62 61 117 93 53 93 124 122 46 121 97 121 69 119 100 165 67 162 103 200 62 202 84 59
278 85 34 89 30 80 30 95 33 74 33 107 59 62 61 117 93 53 93 124 122 46 121 97 121 69 119 100 165 67 162 103 201 62 202 84 60
279 84 35 88 31 80 31 95 33 74 34 107 59 62 61 117 93 53 93 124 122 46 121 97 121 69 119 99 164 67 162 103 200 62 202 84 60
280 84 35 88 31 79 31 95 34 74 34 107 59 62 61 117 94 53 93 124 122 46 121 97 121 69 120 99 165 67 162 103 200 62 202 84 60
281 84 35 88 31 79 31 95 34 73 34 107 59 62 61 117 94 53 93 123 122 46 121 97 121 69 120 99 165 67 162 103 201 62 202 84 60
282 84 35 88 31 79 31 95 34 73 34 107 59 62 61 117 94 53 93 123 122 46 121 97 121 69 119 100 165 67 162 103 201 61 202 84 60
283 84 35 88 31 79 31 95 34 73 34 106 59 62 61 117 93 53 93 123 122 46 122 97 121 69 121 100 165 67 162 103 200 62 202 84 60
284 84 35 88 31 79 31 95 34 73 34 106 59 62 61 117 93 53 93 124 122 46 121 97 122 69 121 100 165 67 162 103 200 62 202 84 60
285 84 34 88 31 80 31 95 34 73 34 106 59 62 61 117 93 53 93 123 122 46 121 97 122 69 121 100 166 67 162 103 201 61 202 84 60
286 84 35 88 31 79 31 95 34 73 34 106 59 62 61 117 93 53 93 124 122 46 121 97 121 69 121 100 165 67 162 103 201 62 202 84 60
287 84 34 88 30 79 31 95 34 73 34 106 59 62 61 117 93 53 93 124 122 46 121 97 121 69 121 100 165 67 162 104 201 62 202 84 60
288 84 34 88 30 79 31 95 34 73 34 106 59 62 61 117 93 53 93 124 121 46 121 97 121 69 119 100 165 67 162 104 201 61 202 84 60
289 83 35 88 31 79 31 95 34 73 34 106 59 62 61 117 94 53 94 124 122 46 121 97 121 69 121 100 165 67 162 103 201 62 202 84 60
290 84 35 88 31 79 31 95 34 73 34 106 59 62 61 117 94 53 93 124 122 46 121 97 121 69 120 100 165 67 162 103 201 62 202 84 60
291 84 35 88 31 79 31 95 34 73 34 106 59 62 61 117 94 53 93 124 122 47 121 97 121 69 120 100 165 67 162 103 201 61 202 84 60
292 84 35 88 31 79 31 95 34 73 34 106 59 62 61 117 94 53 93 124 122 47 121 97 121 69 120 100 165 67 162 103 201 62 202 84 60
293 84 35 88 30 80 31 95 33 74 34 106 59 62 61 117 93 53 93 124 122 46 121 97 121 69 121 100 165 67 162 103 201 61 202 84 60
294 84 34 88 30 80 30 95 33 74 33 106 59 62 61 117 93 53 93 124 121 47 121 97 121 69 121 100 165 67 162 103 201 61 202 84 60
295 84 33 88 29 80 29 95 33 74 33 106 59 62 61 117 93 53 93 124 122 47 121 97 121 69 121 100 165 67 162 103 201 62 202 84 60
296 84 33 88 29 79 29 94 33 74 33 107 59 62 61 117 93 53 93 124 121 47 121 97 121 69 121 100 165 67 162 103 201 61 202 84 60
297 84 33 88 29 79 29 94 33 73 32 107 59 62 61 117 93 53 93 124 122 46 122 97 121 69 121 100 165 66 163 103 201 61 202 84 60
298 83 33 88 29 79 29 94 32 74 32 106 59 62 60 117 93 53 94 124 122 47 122 97 122 69 121 100 165 66 163 104 201 61 202 84 59
299 83 33 88 29 79 29 94 32 74 32 106 58 62 60 117 93 53 94 123 122 47 122 97 122 69 121 100 165 66 163 103 201 61 202 84 59
300 83 33 88 28 79 29 94 32 74 32 106 58 62 60 117 93 53 93 123 123 47 122 97 122 69 121 100 165 66 163 103 201 61 202 84 59
301 83 33 87 29 79 29 94 31 74 32 107 59 62 60 117 94 53 93 123 123 47 122 97 122 70 122 101 165 66 164 104 201 61 202 84 59
302 83 33 87 29 79 29 94 32 73 32 107 59 62 60 117 94 53 93 123 123 47 122 97 122 69 121 101 165 65 164 104 201 61 202 84 59
303 83 34 87 30 78 30 94 32 73 33 107 59 62 61 117 93 53 94 123 123 47 122 97 122 69 121 101 165 65 163 104 201 61 202 84 60
304 83 36 87 31 78 32 94 33 73 34 107 60 62 62 117 94 53 95 123 124 48 124 97 122 69 121 102 165 65 163 104 201 61 202 84 61
305 83 37 87 32 78 33 95 34 73 35 107 60 62 63 117 94 53 95 123 125 48 124 97 122 69 121 102 165 64 163 104 201 61 202 84 61
306 82 38 87 33 78 34 94 35 72 36 107 62 61 64 117 96 53 97 123 126 48 126 97 123 69 122 102 165 64 163 104 202 61 202 84 63
307 82 40 87 36 78 36 94 37 73 39 107 64 61 66 118 99 53 98 122 128 48 127 97 123 69 122 102 165 64 163 104 202 61 202 84 64
308 82 42 87 38 78 38 94 40 72 41 106 66 62 68 118 101 53 100 122 129 47 129 97 123 68 122 103 164 63 163 104 202 61 202 84 67
309 82 45 86 40 78 41 94 41 73 42 107 68 61 70 118 101 53 102 122 130 48 130 97 123 68 122 103 164 63 162 104 201 61 202 84 69
310 82 47 87 42 78 43 94 44 73 45 107 70 61 72 118 102 53 104 122 131 48 132 97 123 69 122 103 164 63 162 105 202 61 202 84 70
311 83 50 87 45 78 46 94 46 73 48 107 73 61 73 118 105 53 105 122 134 48 134 97 123 68 122 104 163 62 161 105 202 61 202 84 72
312 83 53 87 48 78 49 94 49 72 50 107 75 61 75 118 108 53 107 122 136 48 137 97 123 69 122 104 164 63 161 105 202 61 202 84 75
313 82 55 86 50 78 50 94 50 73 51 107 76 61 77 118 109 53 109 122 138 48 138 96 123 68 122 104 163 62 161 105 202 61 202 84 76
314 83 57 87 52 79 53 94 53 73 54 106 78 62 80 117 111 53 111 122 140 48 139 96 123 69 122 104 163 62 161 105 202 61 202 84 78
315 83 60 87 54 79 55 94 55 73 57 107 80 62 81 118 113 53 111 122 141 47 141 96 123 69 122 104 163 62 160 105 202 61 202 84 80
316 82 61 87 56 78 57 94 57 73 58 107 82 62 83 118 114 52 113 122 142 47 143 97 123 69 122 104 163 62 159 105 203 61 202 84 81
317 83 64 87 59 79 59 94 59 73 60 107 84 62 84 117 116 53 114 122 144 47 146 97 123 69 123 104 162 62 159 105 203 61 201 84 83
318 84 65 88 60 79 61 94 61 73 61 107 85 62 85 117 117 52 115 122 146 47 146 97 124 69 123 105 162 61 158 105 203 61 201 84 85
319 83 68 88 63 78 64 95 63 72 64 107 87 62 87 118 119 52 117 121 147 47 147 97 124 70 123 105 161 61 158 105 203 61 202 84 86
320 83 69 87 65 78 65 94 65 72 66 107 89 61 89 118 121 52 119 121 148 47 149 98 125 70 123 105 161 61 159 105 203 61 202 84 88
321 83 72 87 67 78 67 95 67 72 68 107 91 61 91 118 123 51 121 121 150 47 151 98 125 70 123 106 160 61 160 104 203 61 202 84 90
322 83 74 88 69 79 69 95 69 73 70 108 93 61 93 118 126 52 122 120 153 48 153 98 125 70 123 106 160 60 160 105 203 61 202 85 92
323 84 76 88 71 79 71 95 71 73 73 108 95 61 95 117 128 51 126 120 155 48 155 98 125 70 123 106 161 60 161 105 204 61 202 85 95
324 83 78 87 73 78 73 95 73 72 74 108 98 61 97 117 130 52 127 120 157 47 156 98 126 70 123 106 163 59 161 105 204 61 202 85 96
325 83 81 87 76 78 76 95 75 72 76 109 101 61 99 117 132 51 133 120 159 47 159 98 127 70 125 107 163 59 161 105 204 61 202 85 99
326 84 82 88 77 79 78 95 77 73 78 108 102 61 102 117 132 51 134 119 160 46 159 99 127 71 125 107 165 59 162 105 204 61 202 85 101
327 84 85 89 80 79 80 95 80 72 81 108 104 61 103 116 134 51 136 119 162 46 162 100 129 71 126 107 165 59 163 105 204 62 202 85 103
328 83 87 88 81 79 82 95 81 72 82 108 106 61 106 116 138 50 141 119 163 46 163 99 131 72 128 107 166 58 162 105 204 62 202 85 105
329 83 88 88 83 79 84 95 83 73 83 107 107 61 106 116 139 50 141 120 166 46 164 99 132 72 129 107 166 58 162 105 204 62 202 85 106
330 84 91 88 85 79 86 94 84 73 86 107 108 61 108 117 143 50 142 119 169 46 166 99 133 72 128 107 167 59 163 105 204 62 203 85 107
331 84 92 88 87 79 88 95 86 72 88 107 109 61 108 117 143 51 142 119 170 46 167 100 133 73 129 107 167 59 162 105 204 62 202 85 107
332 83 93 88 88 79 89 95 87 72 89 106 110 62 110 117 145 51 146 119 172 46 169 99 134 72 129 107 167 59 162 105 204 62 203 85 109
333 82 96 87 91 78 91 95 89 72 91 107 112 62 111 117 145 51 146 120 173 46 171 98 134 72 129 107 168 59 161 104 204 62 203 85 110
334 82 97 87 93 77 93 95 91 72 92 107 113 62 112 117 147 51 148 120 174 46 171 97 134 72 129 108 167 59 160 105 204 61 203 85 112
335 83 99 87 94 78 95 94 93 72 94 106 114 62 114 117 147 51 150 120 175 46 173 97 134 72 130 107 166 59 160 104 204 62 203 85 113
336 83 100 88 96 78 96 94 94 72 95 106 114 63 115 117 147 51 150 120 176 45 175 97 135 72 131 107 163 59 161 105 202 62 203 85 113
337 83 101 88 96 78 97 95 95 72 96 106 115 63 116 116 149 52 151 120 178 46 177 97 137 72 132 107 163 59 160 105 203 62 202 85 115
338 82 103 87 98 77 98 94 96 72 97 106 117 63 117 117 150 52 153 121 180 46 178 95 138 70 134 107 162 59 161 105 203 62 201 85 116
339 84 105 89 99 79 100 95 98 72 98 106 118 63 118 116 152 51 154 121 181 46 179 95 139 70 136 106 160 59 162 105 202 62 201 85 118
340 84 106 88 100 79 101 95 99 73 99 106 119 63 119 116 153 51 157 121 182 46 181 94 140 67 138 106 161 59 163 104 201 62 200 85 119
341 84 106 88 101 79 102 95 99 73 100 107 119 63 121 115 155 51 155 121 184 45 181 95 141 69 138 107 160 58 162 105 203 62 199 85 120
342 84 107 88 102 79 103 95 101 73 102 107 120 63 121 115 155 51 154 121 184 45 182 95 140 69 138 107 160 60 162 105 202 62 199 85 120
343 84 108 88 103 79 104 95 101 73 102 106 120 63 121 115 154 51 154 121 185 45 182 95 141 70 138 107 160 59 161 105 199 62 198 85 120
344 84 108 88 103 79 104 95 101 73 103 106 121 63 121 115 155 50 154 121 185 45 182 95 142 70 139 107 162 59 161 105 200 62 199 85 121
345 83 109 87 104 79 105 94 101 73 103 106 121 63 121 115 155 51 154 121 186 45 183 95 142 72 139 107 160 59 160 105 199 62 198 85 121
346 85 109 89 104 80 105 95 101 73 103 107 121 63 121 115 155 51 151 121 186 45 182 95 143 67 140 107 160 57 160 105 200 62 197 85 121
347 85 109 89 104 80 105 95 102 73 103 107 121 63 121 115 154 51 150 121 184 45 182 94 142 69 139 107 159 57 158 105 198 62 198 85 121
348 86 109 89 104 81 104 95 101 73 103 106 121 63 121 115 154 52 150 121 184 45 182 95 142 69 138 106 159 52 159 105 199 46 187 85 120
349 84 108 88 103 79 104 95 102 73 103 106 120 63 120 115 154 52 147 121 185 45 182 94 142 68 139 107 158 57 159 105 198 62 197 85 120
