1 80 66 84 62 77 62 88 65 71 65 93 87 65 86 109 98 49 102 104 85 51 89 88 137 69 138 90 167 63 173 93 203 59 205 79 86
2 80 65 83 62 76 62 88 65 71 65 93 87 64 86 109 100 47 103 104 85 51 90 88 134 68 135 90 165 65 167 92 197 62 198 79 86
3 79 65 83 62 76 62 88 66 71 65 94 87 64 86 109 100 47 102 104 84 51 89 88 133 68 134 89 165 65 166 92 197 62 195 79 86
4 79 65 83 62 76 62 88 66 71 65 95 87 63 86 109 99 46 101 103 83 51 86 88 133 67 134 89 166 65 166 92 197 62 195 79 87
5 79 65 82 63 75 62 87 67 70 66 94 87 63 86 109 98 47 101 103 82 51 87 87 133 67 133 89 166 65 167 92 197 62 195 79 86
6 78 65 82 63 75 62 88 67 70 66 94 87 63 86 109 98 47 101 103 83 51 87 88 133 67 133 89 166 66 167 92 197 62 195 79 86
7 78 65 82 63 74 63 87 68 70 67 94 87 62 86 109 98 47 101 102 83 51 87 88 134 66 134 89 167 65 167 92 197 62 197 78 87
8 78 65 82 63 74 62 87 67 69 66 94 87 62 86 109 98 47 101 103 84 51 87 88 134 66 134 89 167 65 167 92 198 62 197 78 86
9 77 65 81 63 74 63 87 67 69 67 94 87 63 86 108 99 47 102 103 84 52 87 88 134 66 134 89 167 66 168 92 198 62 197 79 86
10 77 66 81 63 73 63 87 68 69 67 94 87 63 86 108 99 47 102 103 84 51 88 88 134 67 134 89 167 66 168 92 198 62 197 78 87
11 77 65 81 63 74 63 87 68 69 67 94 87 63 86 108 99 47 102 103 84 51 88 88 134 67 134 88 167 66 168 92 198 62 197 79 87
12 77 66 81 63 73 63 87 67 69 68 94 87 63 86 108 99 47 103 103 85 51 89 88 134 67 134 88 168 65 168 92 199 62 198 79 86
13 77 66 81 63 74 63 87 67 70 67 94 86 63 86 108 99 47 103 102 85 51 89 88 135 66 135 88 169 65 169 92 200 62 199 78 86
14 77 66 81 63 74 63 87 67 70 67 94 86 63 86 108 98 47 103 102 85 51 89 88 135 67 135 88 168 65 169 92 200 62 199 78 86
15 77 66 81 63 74 63 87 67 69 67 94 86 63 86 108 98 47 104 102 84 51 89 88 134 67 135 88 168 65 169 92 200 62 199 78 86
16 77 66 81 63 74 63 87 67 69 67 93 86 63 86 108 98 47 104 102 85 51 89 88 134 67 135 89 168 65 168 92 199 62 199 78 86
17 77 66 81 63 74 63 87 67 69 67 94 86 63 86 108 99 47 104 103 85 51 90 88 135 67 135 88 168 65 169 92 199 62 199 79 86
18 77 66 81 63 73 63 87 67 69 67 94 86 63 86 108 99 47 104 103 85 51 90 88 134 67 134 88 168 65 169 92 199 62 199 78 86
19 77 66 81 63 73 63 87 67 69 67 94 86 63 86 108 99 47 103 103 85 51 89 88 135 67 135 88 168 65 169 92 199 62 199 78 86
20 77 66 81 63 73 63 87 67 69 67 94 86 63 86 108 99 47 104 103 85 51 89 88 135 67 134 89 168 65 169 92 199 62 199 78 86
21 77 66 81 63 74 63 87 67 69 68 94 86 63 86 108 99 47 104 103 85 51 89 88 135 67 134 89 168 65 169 92 199 62 199 78 86
22 77 66 81 63 74 63 87 67 69 67 94 86 63 86 108 99 47 104 103 85 51 89 88 135 66 135 89 168 65 169 92 199 62 199 78 86
23 77 66 81 63 74 63 87 67 69 67 94 86 62 86 108 99 47 104 103 85 51 90 88 135 67 135 89 168 65 169 92 199 62 199 78 86
24 77 66 81 63 74 63 87 67 69 67 94 86 62 86 108 99 47 104 103 85 51 90 88 135 67 135 89 168 65 169 92 199 62 199 78 86
25 77 66 81 63 73 64 87 67 69 68 94 87 62 86 108 99 47 104 103 85 51 90 88 134 66 134 89 168 65 169 92 199 62 199 78 86
26 76 66 80 64 73 64 87 67 69 67 94 86 62 86 109 99 47 104 103 84 51 89 88 134 66 134 89 168 65 169 92 199 62 199 78 86
27 76 66 80 63 73 64 86 67 69 67 93 86 62 86 109 97 46 103 104 83 50 88 88 134 66 134 89 168 65 169 92 199 62 199 78 86
28 76 66 80 63 73 64 86 67 69 67 94 86 62 86 110 95 45 101 104 79 50 86 88 134 66 134 89 168 66 169 92 199 62 199 78 86
29 76 66 80 64 73 64 86 67 69 68 94 86 62 86 112 93 45 98 105 79 50 81 88 135 66 135 89 169 66 169 92 199 62 199 78 86
30 76 66 80 64 73 64 86 67 69 68 94 86 62 86 111 90 43 94 105 75 50 77 88 135 66 135 89 168 65 169 92 199 62 199 78 86
31 76 67 80 64 73 65 86 67 70 68 93 86 64 85 112 86 42 90 106 72 49 73 88 134 66 135 89 168 65 169 92 199 62 199 78 86
32 77 67 80 64 74 64 86 67 70 68 93 86 62 85 114 82 40 85 105 67 48 68 88 134 66 134 89 168 65 168 92 199 62 199 78 85
33 77 67 80 64 74 64 86 67 70 69 93 85 62 85 113 78 40 81 106 63 49 64 87 133 66 133 89 168 65 168 92 199 62 199 78 85
34 76 67 80 64 74 64 86 67 70 69 93 85 62 85 113 75 40 77 105 60 48 60 87 133 65 133 89 168 65 169 92 199 62 199 77 85
35 76 67 80 64 74 64 85 67 69 68 93 84 62 84 112 72 40 74 105 56 48 56 87 133 65 132 89 168 65 167 92 199 62 199 77 84
36 76 67 80 64 73 64 85 68 69 68 92 83 62 84 111 69 41 69 105 53 50 53 87 133 65 132 89 168 65 167 92 199 62 199 77 83
37 76 66 80 64 73 64 85 67 69 67 93 83 62 82 109 68 42 67 104 49 50 51 87 131 65 131 88 167 65 167 92 199 62 199 77 83
38 75 65 79 63 72 63 85 67 69 67 93 82 62 81 108 66 44 64 104 47 51 46 87 131 65 131 88 167 65 167 92 199 62 199 77 82
39 75 65 79 63 72 62 85 67 68 66 93 82 62 80 107 63 46 63 102 44 52 44 87 130 65 130 88 166 65 167 92 199 62 199 77 81
40 75 65 79 62 72 62 85 68 67 66 92 82 61 80 104 63 49 61 102 42 53 40 86 130 64 130 88 167 65 167 92 200 62 199 76 81
41 76 64 80 62 73 61 85 67 68 65 92 82 61 80 100 63 51 61 100 41 54 38 86 130 65 131 88 166 65 166 92 200 62 199 76 81
42 76 65 80 62 73 61 84 66 68 65 91 82 62 80 97 62 54 64 98 37 54 39 86 130 65 131 88 166 65 166 92 200 62 199 76 82
43 76 65 80 61 72 61 84 65 67 65 91 81 62 79 97 62 57 63 98 36 56 37 86 129 65 130 88 166 65 166 92 199 62 199 76 80
44 76 65 80 62 72 61 85 66 67 65 91 81 63 79 96 61 58 62 97 36 57 37 85 129 65 130 88 166 65 166 92 200 62 199 76 80
45 76 65 80 62 72 61 84 67 67 65 91 82 63 79 96 62 58 63 97 38 58 37 85 129 65 130 88 166 65 166 92 200 62 199 76 81
46 76 65 80 62 72 62 84 66 68 65 91 81 63 79 96 63 58 62 97 38 58 37 86 129 65 129 87 166 65 166 92 200 62 199 77 80
47 77 66 80 63 73 62 85 66 69 65 92 81 63 79 97 64 59 62 97 40 59 37 86 129 65 129 87 166 65 166 92 200 62 199 77 80
48 77 66 80 63 73 62 85 66 69 65 92 82 63 79 97 64 59 63 96 38 59 37 86 129 65 129 87 166 65 166 92 200 62 199 77 80
49 77 65 80 62 73 62 86 66 69 65 92 81 64 79 97 62 59 63 96 38 59 37 86 129 66 129 88 166 65 166 92 200 62 199 78 80
50 77 66 81 62 73 62 86 66 69 65 92 82 64 79 97 62 59 65 96 38 59 37 86 130 66 130 88 166 65 166 92 200 62 199 78 80
51 77 65 80 62 73 62 85 66 69 65 92 81 64 79 97 62 59 65 96 37 59 38 87 130 67 130 89 166 65 167 92 200 62 199 78 80
52 77 65 80 62 73 62 85 66 69 65 92 81 64 79 97 62 59 65 96 37 59 38 87 130 67 130 89 166 65 167 93 199 62 199 78 80
53 77 65 81 62 74 62 86 66 69 65 92 81 64 79 97 62 59 64 95 37 59 37 87 130 67 130 89 166 66 167 93 199 62 199 78 80
54 78 65 81 62 74 62 86 66 70 65 92 81 64 79 97 61 59 65 95 37 59 37 87 130 67 130 89 166 65 167 93 199 62 199 78 80
55 78 65 81 62 74 62 86 66 70 65 92 80 64 79 97 61 58 65 95 37 59 37 87 130 67 130 89 166 65 167 92 199 62 199 78 80
56 78 65 81 62 74 62 86 66 69 65 92 81 64 79 97 61 59 65 96 37 59 38 87 129 66 130 89 166 65 167 93 199 62 199 78 80
57 77 66 81 63 74 62 85 67 69 65 92 81 64 79 97 62 59 64 96 37 59 38 87 129 66 129 89 166 65 167 93 199 62 199 78 80
58 77 66 80 63 73 62 85 67 69 66 92 82 64 79 96 63 59 64 96 37 59 39 87 129 66 129 89 166 65 166 92 199 62 199 78 80
59 76 66 80 63 73 62 85 67 69 66 92 82 64 79 97 65 59 65 96 37 59 38 87 129 66 129 89 166 65 166 92 199 62 199 78 81
60 77 66 80 63 73 62 85 67 69 66 92 82 64 80 97 64 59 65 96 38 59 38 86 129 66 130 88 166 65 167 92 199 62 199 78 81
61 76 66 80 63 73 62 85 67 69 65 92 82 64 79 97 65 59 65 96 38 59 38 86 130 66 130 88 166 65 167 92 199 62 199 78 81
62 76 66 80 63 73 63 85 67 69 65 92 82 64 79 96 63 59 65 96 38 58 38 86 130 66 130 88 166 65 167 92 200 62 199 78 81
63 76 66 80 63 73 63 85 67 69 66 92 82 64 79 97 64 59 65 96 38 58 37 86 130 66 130 88 166 65 166 92 199 62 199 78 80
64 75 66 79 63 72 63 85 67 68 66 92 82 64 79 96 63 59 65 96 37 58 37 86 130 66 130 88 166 65 166 92 200 62 199 78 81
65 75 66 79 63 72 63 85 67 68 66 92 82 64 79 97 65 59 64 96 38 58 37 86 130 66 130 88 166 65 166 92 199 62 199 78 80
66 75 66 79 63 72 63 85 67 68 66 92 82 64 79 97 65 59 65 96 37 58 37 86 130 66 130 88 166 65 166 92 199 62 199 78 80
67 75 66 79 63 72 63 85 67 68 66 92 82 64 79 97 65 59 65 96 37 58 37 86 130 66 130 88 167 65 166 92 200 62 199 78 81
68 76 66 80 63 73 63 85 67 69 66 92 82 64 80 97 65 59 65 96 37 58 37 86 130 66 130 88 166 65 166 92 199 62 199 78 81
69 77 66 80 63 73 62 85 67 69 66 92 82 64 79 97 63 59 65 96 37 58 37 86 130 66 130 88 167 65 166 92 199 62 199 78 80
70 77 65 81 62 74 62 85 66 70 65 92 82 64 79 97 63 59 64 96 37 58 37 86 130 66 130 89 167 65 166 92 200 62 199 78 80
71 77 65 81 62 74 62 85 66 70 65 92 81 64 79 97 63 59 63 95 37 58 37 86 130 66 130 89 166 65 166 92 200 62 199 78 80
72 77 65 80 62 74 62 85 66 70 65 92 82 64 79 97 65 59 62 95 38 58 36 86 130 66 130 88 167 65 166 92 200 62 199 78 80
73 77 65 80 62 74 62 85 66 69 65 92 81 64 79 97 63 59 62 95 37 58 36 86 130 66 130 88 167 65 166 92 200 62 199 78 80
74 77 65 81 62 74 62 85 66 69 65 92 81 64 79 96 62 59 62 95 37 58 36 86 130 66 130 88 167 65 166 92 199 62 199 78 80
75 77 66 80 63 73 62 85 66 69 65 92 81 64 79 96 62 59 62 95 37 58 36 86 130 66 130 89 166 65 166 92 199 62 199 78 80
76 76 65 80 62 73 62 85 66 69 65 92 81 63 79 96 61 59 62 94 37 58 35 86 129 66 130 88 166 65 166 92 199 62 199 77 80
77 76 66 80 63 73 62 85 66 69 65 92 81 63 79 96 62 59 62 94 37 58 35 86 129 66 130 88 166 65 167 92 199 62 199 77 80
78 76 65 80 62 73 62 85 66 69 65 92 81 63 79 96 62 58 63 94 37 58 36 87 129 66 130 89 166 65 167 92 199 62 199 77 80
79 76 65 80 62 73 62 84 66 69 65 92 81 63 79 96 62 58 62 94 37 58 36 87 130 66 130 89 166 65 167 92 199 62 199 77 80
80 76 65 80 62 73 61 84 66 69 65 92 81 63 79 96 61 58 62 94 37 57 36 87 129 66 130 88 166 65 167 92 199 62 199 77 80
81 76 65 79 62 72 62 84 66 68 65 92 81 63 79 96 62 58 62 94 37 57 35 87 129 66 130 88 166 65 167 92 199 62 199 77 80
82 76 65 79 62 72 62 84 66 68 65 92 81 63 80 96 61 58 62 94 37 57 36 87 129 66 130 88 166 65 167 92 199 62 199 77 80
83 76 65 79 62 72 62 84 66 68 65 92 81 63 80 96 61 58 63 95 37 57 36 87 129 67 130 88 166 65 166 92 199 62 199 77 80
84 76 65 79 62 73 62 84 65 68 65 92 81 63 80 96 61 57 65 95 38 57 37 87 130 66 131 88 167 65 166 93 199 62 199 77 81
85 76 65 80 62 72 62 84 66 67 65 91 81 62 80 96 62 57 63 95 37 56 37 87 129 66 130 88 166 65 166 92 200 62 199 76 81
86 76 65 80 62 72 62 84 66 67 66 92 81 62 81 97 61 56 65 96 38 56 37 87 129 66 130 88 167 65 166 92 200 62 199 76 81
87 75 64 79 61 71 62 84 66 67 66 91 81 61 80 99 61 55 61 97 37 56 37 86 130 65 131 88 167 64 166 92 200 62 199 76 81
88 75 64 79 61 71 61 84 66 67 65 92 82 61 81 101 59 52 62 97 37 55 38 86 131 65 131 88 167 64 166 92 199 62 199 76 81
89 75 64 79 62 72 61 84 66 67 65 92 82 61 80 104 60 50 59 99 40 55 38 86 131 65 131 88 167 65 166 92 199 62 199 76 81
90 75 64 79 62 72 61 84 67 67 66 92 83 61 81 105 62 49 62 99 42 54 42 86 131 65 131 88 167 65 167 92 199 62 199 76 82
91 76 64 80 62 73 62 84 67 68 66 92 83 62 82 106 64 48 65 101 45 53 47 86 132 65 132 88 167 65 166 92 199 62 199 77 83
92 76 65 80 62 73 62 84 67 68 67 91 84 62 82 106 68 46 65 101 48 52 48 86 132 65 131 88 167 65 166 92 199 62 199 77 83
93 76 65 80 63 73 63 85 67 69 68 91 84 63 83 108 70 45 68 103 53 52 51 86 133 65 133 88 168 65 167 92 199 62 199 77 83
94 76 65 80 63 73 63 85 67 69 68 92 84 63 83 108 72 44 70 104 57 51 54 86 134 65 133 88 168 64 168 92 199 62 199 77 83
95 76 66 80 63 73 64 85 67 69 68 91 85 64 83 108 76 43 74 104 60 51 57 86 134 65 133 88 168 64 168 92 199 62 199 78 84
96 76 66 80 63 74 64 85 67 70 68 92 85 63 84 110 79 42 77 105 63 50 61 86 134 65 134 88 169 64 168 92 199 61 199 78 84
97 77 66 81 63 74 63 86 67 69 68 92 86 63 85 111 83 41 80 105 65 49 64 86 134 65 134 88 169 64 168 92 199 62 199 78 85
98 77 66 81 63 74 63 86 67 69 68 93 87 63 86 111 85 41 84 105 68 48 67 87 134 65 133 88 168 64 168 92 200 61 199 78 86
99 77 66 81 63 74 63 86 67 69 68 93 86 63 86 110 89 42 87 105 72 50 70 87 134 65 133 88 168 64 168 92 199 61 198 78 86
100 76 65 80 63 73 63 86 67 69 67 93 86 63 85 110 91 43 90 105 74 48 75 87 133 65 133 88 168 64 168 92 200 61 199 78 85
101 76 65 80 63 73 63 87 67 69 67 93 86 63 85 110 92 43 93 104 76 49 78 87 134 65 133 88 169 64 168 92 200 61 199 78 85
102 76 65 80 63 73 63 87 67 69 67 93 86 62 85 110 93 44 96 104 77 50 80 87 134 65 133 88 168 64 168 92 199 61 199 78 86
103 76 65 80 63 73 63 87 67 69 67 93 86 62 85 109 93 44 98 104 77 50 82 87 134 65 133 88 168 65 168 92 199 61 199 78 86
104 77 65 81 63 73 63 87 67 69 67 93 85 62 85 108 94 44 100 103 78 51 84 87 133 65 133 88 168 65 168 92 199 61 199 78 85
105 76 66 80 63 73 63 87 67 69 67 93 85 62 85 108 94 45 100 103 78 51 85 87 134 65 133 89 168 65 168 92 199 62 199 78 85
106 76 66 80 63 73 63 87 67 69 67 93 85 62 85 109 95 44 100 103 79 51 84 87 134 65 133 89 169 65 167 92 200 62 199 78 85
107 76 66 80 63 73 64 86 67 69 67 93 85 62 85 110 95 44 100 103 80 51 84 88 134 66 133 89 168 65 167 92 200 62 199 78 85
108 76 66 80 63 73 64 86 67 69 67 93 85 62 85 109 96 45 101 103 80 50 85 88 133 66 132 89 168 65 167 92 200 62 199 78 85
109 76 66 80 63 73 64 86 67 69 67 93 85 61 85 109 97 45 101 102 81 50 85 88 133 66 133 88 168 65 167 92 200 62 199 78 85
110 76 66 80 63 73 63 86 67 69 67 93 85 62 84 109 97 45 101 102 81 50 85 88 133 66 131 89 168 65 167 92 200 62 199 78 85
111 76 66 80 63 73 63 86 67 69 67 93 85 62 84 109 97 45 101 102 82 51 86 88 133 66 131 88 168 65 167 92 199 62 199 78 85
112 76 66 80 63 73 63 86 67 69 67 93 86 62 84 108 98 45 101 103 82 51 86 88 133 66 132 88 168 65 167 92 200 62 199 78 85
113 76 66 80 63 73 63 86 67 69 67 93 86 61 85 109 98 45 101 103 82 50 86 88 133 66 132 88 168 65 167 92 200 62 199 78 85
114 76 66 80 63 73 63 86 67 69 67 93 86 62 85 109 98 45 101 104 83 51 86 88 133 66 133 88 168 65 167 92 200 62 199 78 85
115 76 65 80 63 73 63 86 67 69 67 93 86 62 85 109 98 45 101 104 83 50 86 88 134 66 133 88 169 65 168 92 200 62 199 78 85
116 76 66 80 63 73 63 86 67 69 67 94 86 62 85 109 99 46 101 104 84 50 86 88 133 66 132 88 168 65 167 92 200 62 199 78 85
117 76 66 80 63 73 63 86 67 69 67 94 86 62 85 109 99 46 101 104 84 51 86 88 133 66 132 88 168 65 167 92 199 62 198 78 85
118 76 66 80 63 73 63 86 67 69 67 94 86 62 84 108 99 46 101 103 84 50 86 88 133 66 131 88 168 65 167 92 199 62 199 78 85
119 77 66 81 63 73 63 87 67 69 67 94 86 62 85 108 99 46 101 103 84 50 86 88 133 66 131 88 168 65 167 92 199 62 199 78 85
120 76 66 80 63 73 63 87 67 69 67 94 86 62 85 108 99 46 101 103 84 51 86 88 133 66 131 88 168 65 167 92 199 62 199 78 85
121 76 66 80 63 73 63 87 67 69 67 94 86 62 85 108 99 46 101 103 85 51 86 88 133 66 131 88 168 65 167 92 199 62 199 78 85
122 76 66 80 63 73 63 86 67 69 67 93 86 62 85 108 99 46 101 103 85 51 86 88 133 66 131 88 168 65 167 92 200 62 199 78 85
123 76 66 80 63 73 63 86 67 69 67 93 86 62 85 108 99 46 101 104 85 51 86 88 133 66 132 88 168 65 167 92 199 62 199 78 85
124 76 66 80 63 73 63 86 67 69 67 93 86 62 85 108 99 46 101 103 85 51 86 88 133 66 132 89 168 65 167 92 199 62 199 78 85
125 76 66 80 63 73 63 86 67 69 67 93 86 62 85 107 99 46 102 104 85 51 87 88 133 66 132 88 168 65 167 92 199 62 199 78 85
126 76 66 80 63 73 63 86 67 69 67 93 86 62 85 107 99 46 102 104 85 51 87 88 133 66 132 89 168 65 167 92 199 62 199 78 85
127 76 66 80 63 73 64 86 67 69 67 93 86 62 85 107 99 46 102 104 85 51 87 88 133 66 133 89 168 65 167 92 200 62 199 78 85
128 76 66 80 63 73 64 86 67 69 67 93 86 62 85 108 99 46 102 104 86 51 87 88 133 66 133 89 168 65 168 92 200 62 199 78 85
129 76 66 80 64 73 64 86 67 69 67 93 86 62 85 108 100 46 102 104 86 51 87 88 133 66 133 88 168 65 168 92 200 62 199 78 85
130 76 66 80 63 73 63 86 67 69 67 93 86 62 85 108 100 46 102 104 86 51 87 88 133 66 133 89 168 65 168 92 200 62 199 78 85
131 76 66 80 63 73 64 86 67 69 67 93 86 62 85 107 100 46 102 104 86 51 87 88 133 67 133 89 168 65 168 92 200 62 199 78 85
132 76 66 80 63 73 63 86 67 69 67 93 86 62 85 108 101 46 102 104 86 51 87 89 133 67 133 89 168 65 168 92 199 62 199 78 85
133 76 66 80 63 73 64 86 67 69 67 94 86 63 85 108 100 47 102 104 86 51 87 89 133 67 133 89 168 65 168 92 200 62 199 78 85
134 76 66 80 63 73 64 86 67 69 67 94 86 62 85 108 101 47 102 104 86 51 87 89 133 67 133 89 168 65 168 92 199 62 199 78 85
135 76 66 80 63 73 64 86 67 69 67 94 86 62 86 108 101 46 102 104 86 50 87 89 133 67 133 89 168 65 169 92 199 62 199 78 85
137 76 66 80 63 73 64 86 67 69 67 94 86 62 86 107 101 46 102 104 87 51 87 89 133 67 133 89 168 65 169 92 199 62 199 78 86
138 76 66 80 63 73 64 86 67 69 67 94 86 62 85 107 101 46 102 104 87 51 87 89 133 67 132 89 168 65 168 92 199 62 199 78 85
139 76 66 80 63 73 64 86 67 69 67 94 86 62 85 107 101 46 102 104 86 51 87 89 133 67 133 89 168 65 168 92 199 62 199 78 85
140 76 66 80 63 73 64 86 67 69 67 94 86 62 86 107 101 46 102 104 86 50 87 89 133 67 133 89 168 66 168 92 199 62 199 78 86
141 76 66 80 63 73 64 86 67 69 67 93 86 62 86 107 101 46 102 104 86 50 87 89 133 67 133 89 168 66 168 92 199 62 199 78 86
142 76 66 80 63 73 63 86 67 69 67 94 86 62 86 107 101 46 102 104 86 50 88 89 133 67 133 89 168 66 168 92 199 62 199 78 86
143 76 66 80 63 73 63 86 67 69 67 94 86 62 86 108 101 46 103 104 86 50 87 89 133 67 133 89 168 65 168 92 199 62 199 78 86
144 76 66 80 63 73 64 86 67 69 67 93 86 62 85 107 101 46 103 104 86 50 87 89 133 67 133 89 168 65 169 92 199 62 199 78 86
145 76 66 80 63 73 63 86 67 69 67 94 86 62 85 109 100 46 102 104 85 50 87 89 133 67 133 89 168 65 169 92 199 62 199 78 85
146 76 66 80 63 73 63 86 67 69 67 94 86 62 85 109 99 45 102 105 85 50 86 89 133 66 133 89 168 65 169 92 200 62 199 78 85
147 76 66 80 63 73 64 86 67 69 67 94 85 61 85 109 97 46 100 105 81 50 83 89 133 66 133 89 168 65 168 92 199 62 199 78 85
148 76 66 80 63 73 63 86 67 69 67 94 85 62 85 110 93 45 96 106 78 50 79 89 132 66 132 89 168 65 168 92 199 62 199 78 85
149 76 67 80 64 73 64 86 67 70 68 93 85 63 85 111 90 44 92 106 74 50 76 88 132 66 132 89 168 65 168 92 199 61 199 78 85
150 77 67 81 65 74 65 86 68 70 68 93 87 63 85 112 85 42 87 106 69 49 69 87 133 66 133 89 169 65 168 92 199 62 199 78 86
151 77 67 81 64 74 65 86 68 70 69 93 87 63 86 113 82 41 83 107 65 49 66 88 134 66 134 89 169 65 168 92 199 62 199 78 86
152 77 67 81 64 74 65 86 68 70 69 93 86 63 85 113 77 40 79 107 62 49 62 87 134 66 133 89 168 65 168 92 199 62 199 78 85
153 77 66 81 64 74 64 86 68 70 69 93 85 63 85 113 74 40 75 107 58 50 57 87 133 66 133 89 168 65 168 92 199 62 199 78 84
154 77 66 80 63 74 64 86 67 70 68 93 84 63 84 112 71 42 71 107 54 51 54 87 133 66 133 89 168 65 168 92 199 62 199 78 84
155 76 66 80 63 74 63 86 67 70 68 93 83 63 83 111 68 42 67 106 50 51 50 87 133 66 133 89 168 65 168 92 199 62 199 78 83
156 76 66 81 63 73 63 86 68 69 67 93 83 63 82 109 67 45 65 105 47 52 47 87 132 65 132 88 167 65 167 92 199 62 199 78 83
157 78 65 82 63 74 63 87 68 70 66 93 82 63 81 108 64 47 63 104 44 54 44 87 131 65 131 89 167 65 167 92 200 62 199 78 82
158 78 66 82 63 75 62 87 68 70 66 94 83 62 80 106 61 50 59 103 43 55 38 87 131 66 132 89 168 65 167 92 200 62 199 78 82
159 78 66 82 63 75 62 87 68 70 65 93 83 63 80 104 62 52 60 102 42 56 37 87 131 66 132 89 167 65 167 92 200 62 199 78 81
160 78 66 82 63 75 62 86 67 70 65 93 82 63 80 100 63 56 63 100 40 57 37 87 130 66 131 88 167 65 167 92 200 62 199 78 81
161 78 65 82 62 75 61 87 66 70 64 93 81 64 78 98 61 59 61 98 36 58 35 87 130 66 130 89 167 65 167 92 200 62 199 78 79
162 78 65 82 62 75 61 87 66 70 64 93 80 64 77 97 60 60 62 97 36 60 36 87 129 66 130 88 166 65 166 92 200 62 199 78 79
163 79 65 82 62 75 61 87 67 71 64 93 81 64 77 97 61 60 62 97 37 60 37 86 130 66 130 89 167 65 167 92 199 62 199 78 79
164 79 65 82 62 75 61 87 66 70 64 93 80 64 77 97 61 60 62 96 37 62 37 87 130 66 130 89 167 65 167 92 200 62 199 78 79
165 78 66 82 63 75 62 87 67 71 64 93 81 65 78 96 62 61 62 95 37 62 37 87 130 66 130 89 167 65 167 92 200 62 199 78 79
166 78 65 82 62 75 61 87 66 70 64 93 81 65 78 97 61 60 62 95 37 62 37 86 129 66 129 89 167 65 167 92 200 62 199 78 79
167 78 65 81 62 74 62 86 66 70 64 92 80 64 78 97 62 61 61 94 37 62 37 87 129 66 129 88 167 65 167 92 199 62 199 78 79
168 78 65 81 62 74 62 86 66 70 64 93 80 64 78 97 61 61 62 94 37 62 37 87 129 66 129 89 167 65 167 92 200 62 199 78 79
169 78 65 81 62 74 61 86 66 70 64 93 80 64 78 97 62 61 61 94 37 63 37 87 129 66 129 89 167 65 167 92 200 62 199 78 79
170 78 65 81 62 75 62 86 66 70 64 93 80 65 78 97 62 61 62 94 37 63 37 87 129 66 129 89 167 65 166 92 200 62 199 78 78
171 78 65 82 62 75 61 86 66 70 64 93 81 65 78 97 62 61 62 94 37 63 37 86 129 66 128 88 167 64 166 93 200 62 199 78 79
172 78 65 82 62 75 62 86 66 71 64 93 81 65 78 97 62 60 63 94 38 62 37 86 129 66 129 89 167 65 166 92 200 62 199 79 79
173 78 65 81 62 75 62 86 66 70 65 93 81 65 78 97 62 60 63 94 38 62 37 86 130 66 129 89 167 65 166 92 200 62 199 78 79
174 78 65 82 63 75 62 86 66 71 65 92 81 65 78 97 62 60 63 94 38 62 38 86 129 66 129 89 166 65 166 93 200 62 199 78 79
175 78 65 81 63 75 62 86 66 71 65 92 81 64 78 97 63 60 63 94 38 62 39 86 129 66 129 88 166 65 166 93 199 62 199 78 79
176 78 65 81 63 75 62 86 66 70 65 92 81 64 78 97 63 60 62 95 38 62 39 86 129 66 129 88 166 65 166 93 199 62 199 78 79
177 78 65 81 62 75 62 86 66 70 65 92 81 64 79 97 63 60 62 95 38 62 38 87 129 67 129 89 166 65 166 92 200 62 199 78 80
178 78 65 81 62 75 62 86 66 70 65 92 81 64 79 97 62 60 62 95 38 62 38 86 130 66 130 89 166 65 166 93 200 62 199 78 80
179 78 65 82 62 75 62 86 66 70 65 92 81 64 78 97 62 60 62 95 38 62 38 87 130 66 129 88 166 65 166 92 200 62 199 78 80
180 78 65 82 62 75 62 86 66 70 65 93 81 64 79 97 62 60 62 95 38 61 39 87 130 66 130 88 166 65 167 92 199 62 199 78 79
181 78 65 82 62 75 62 86 66 70 65 93 81 64 79 97 62 60 63 95 39 61 39 87 130 67 130 89 166 65 167 92 199 62 199 78 80
182 78 65 82 63 75 62 86 66 71 65 93 81 65 79 97 63 60 63 96 39 61 38 87 130 67 129 89 166 65 167 92 199 62 199 79 80
183 78 65 82 62 75 62 87 66 71 65 93 81 64 79 97 62 60 63 96 39 61 39 87 129 67 129 89 166 65 167 92 199 62 199 79 80
184 79 65 82 63 75 62 87 67 70 65 93 81 64 79 97 61 60 62 96 39 61 38 87 129 67 129 89 166 66 167 92 199 62 199 79 80
185 78 66 82 63 75 62 87 67 70 66 93 81 64 79 97 61 60 63 96 38 61 38 88 129 67 130 89 166 66 167 92 199 62 199 79 80
186 79 66 82 63 75 62 87 67 70 66 93 81 64 79 97 61 60 63 96 38 60 39 88 129 67 130 89 166 66 167 93 199 62 199 79 80
187 78 66 82 63 75 63 86 67 70 66 93 81 64 79 97 62 60 63 96 38 61 39 88 129 68 130 89 166 66 167 92 199 62 199 79 80
188 78 65 82 62 75 62 86 67 70 65 93 81 64 79 97 62 59 63 96 38 61 39 88 129 67 130 89 166 66 167 92 199 62 199 79 80
189 78 66 82 63 75 62 86 67 70 65 93 81 64 79 97 61 59 64 96 38 60 39 88 129 67 130 89 166 66 167 92 199 62 199 79 80
190 78 65 81 63 74 62 86 67 70 66 93 80 64 79 97 62 59 65 96 38 60 39 88 129 67 130 89 166 66 167 92 199 62 199 78 80
191 78 65 82 63 74 62 87 67 70 65 93 80 64 79 97 61 59 64 96 38 61 38 88 129 67 130 89 167 65 167 92 199 62 199 78 80
192 78 65 81 62 74 62 86 66 70 65 93 80 64 79 97 61 59 64 96 37 61 38 87 129 67 129 89 166 65 167 92 199 62 199 78 79
193 78 65 81 62 74 62 86 66 70 65 93 81 64 79 97 61 59 64 96 37 61 38 87 129 67 130 89 166 65 166 92 199 62 199 78 80
194 78 65 81 62 74 62 86 67 69 65 93 81 64 79 97 61 59 65 96 37 61 39 88 130 67 130 89 167 65 167 92 199 62 199 78 80
195 77 65 81 62 73 62 86 66 69 65 92 81 64 79 96 62 59 65 95 38 61 39 87 129 67 130 89 167 65 167 93 199 62 199 78 80
196 77 66 80 63 73 63 85 66 69 66 92 81 64 79 96 62 58 66 95 38 61 39 87 129 67 130 89 166 65 167 92 199 62 199 78 80
197 76 66 80 63 73 63 85 66 69 66 92 81 64 79 96 62 58 66 95 37 61 39 87 129 67 130 89 167 66 167 93 199 62 199 78 80
198 76 66 80 63 73 63 85 66 69 66 92 81 64 79 96 63 58 65 95 38 61 39 87 129 67 130 89 167 65 167 93 199 62 199 78 80
199 76 66 80 63 73 62 85 66 69 66 92 81 64 79 96 63 58 66 95 38 61 39 87 129 67 130 89 166 65 167 93 199 62 199 77 80
200 76 65 80 62 72 62 85 66 69 66 92 81 64 80 96 63 58 66 96 38 61 39 87 129 67 130 89 166 65 167 92 199 62 199 77 80
201 76 66 80 63 73 63 85 67 69 66 92 82 64 80 96 63 59 65 96 38 61 39 87 130 66 130 89 167 65 167 92 199 62 199 77 81
202 76 66 80 63 72 63 85 67 68 66 92 82 64 80 97 61 58 65 96 38 60 39 86 130 66 130 88 167 65 166 92 199 62 199 77 81
203 76 66 80 63 72 63 85 66 68 66 92 81 64 80 97 63 58 65 96 38 60 39 86 130 66 130 88 167 65 166 92 199 62 199 78 81
204 76 66 80 63 73 63 85 66 68 66 92 82 63 80 98 62 58 64 97 38 59 39 86 130 66 130 88 167 65 166 92 199 62 199 77 81
205 76 66 80 63 72 63 85 67 68 66 92 83 63 80 99 62 57 63 97 38 59 39 86 130 66 131 88 167 65 167 92 199 62 199 77 82
206 76 65 80 62 73 62 85 67 68 66 92 83 63 80 101 63 54 63 99 42 58 40 86 131 66 131 89 167 65 167 92 199 62 199 77 81
207 76 65 80 62 73 62 85 67 68 66 92 83 63 81 102 63 53 61 99 42 58 39 86 131 66 131 89 167 65 167 92 199 62 199 77 82
208 76 65 80 62 73 62 85 68 68 66 93 83 62 81 104 62 52 61 100 42 57 42 87 131 66 131 89 167 65 167 92 199 62 198 77 82
209 76 65 80 63 73 63 85 68 69 67 93 83 63 82 106 63 51 62 100 43 56 43 87 131 66 132 89 167 65 167 92 199 62 198 78 82
210 76 65 80 63 73 63 85 67 69 67 93 83 63 82 106 65 50 64 102 45 56 46 87 131 66 131 89 167 65 167 92 199 61 199 78 82
211 76 65 80 63 73 63 85 67 69 67 92 84 63 82 107 67 49 65 103 48 56 49 87 132 66 132 89 167 65 167 92 199 61 199 78 83
212 76 65 80 63 73 63 86 67 69 68 92 84 64 83 108 70 48 68 104 52 56 53 87 132 66 131 89 168 64 167 92 199 61 199 78 83
213 77 66 81 63 74 63 86 68 70 69 92 85 64 84 109 71 47 71 104 55 56 55 87 133 66 131 89 168 65 167 92 199 61 198 78 84
214 78 66 81 63 75 63 87 68 70 69 92 85 64 84 109 74 46 74 104 58 55 59 86 133 66 131 89 168 65 167 92 199 61 198 78 84
215 77 66 81 63 75 64 86 68 70 69 93 85 64 84 110 76 45 76 105 60 54 61 87 133 66 133 89 168 65 167 92 199 61 198 79 85
216 78 66 81 63 75 64 87 68 70 69 93 85 64 85 110 79 45 81 105 62 54 66 88 133 67 132 89 168 65 168 93 199 61 199 79 85
217 78 67 82 64 75 64 87 68 71 69 94 86 65 85 111 83 45 84 105 65 53 68 88 133 66 133 89 168 65 168 92 199 61 199 79 85
218 77 66 81 64 74 64 87 67 70 68 94 86 65 85 111 85 46 88 105 69 53 72 88 133 67 132 89 168 65 168 92 199 61 199 79 85
219 76 66 80 63 74 63 87 67 70 67 94 86 64 84 111 88 46 91 105 72 53 76 89 133 67 132 89 168 65 168 92 199 61 199 79 85
221 77 66 81 63 74 63 87 67 70 67 95 85 63 85 111 92 48 96 105 76 53 80 89 132 67 131 89 168 65 168 92 199 61 199 80 85
222 78 66 82 63 74 63 88 67 70 67 94 85 64 84 111 93 48 97 105 78 52 82 89 132 68 131 89 168 66 168 92 199 62 198 79 85
223 78 66 82 63 75 63 88 67 70 67 94 85 63 84 111 95 48 98 105 79 52 83 89 132 68 131 89 168 66 168 92 199 62 198 79 85
224 78 66 82 63 75 63 87 67 71 67 94 85 64 84 111 96 49 99 105 80 53 84 89 132 68 131 89 168 66 168 92 199 62 198 79 85
225 78 66 82 63 74 63 87 67 70 67 94 85 64 85 111 97 48 99 105 81 53 85 89 132 68 131 90 168 65 168 92 199 62 199 79 85
226 78 65 82 63 75 63 87 67 70 67 94 85 64 85 110 97 49 100 105 83 53 86 89 133 68 131 89 168 65 168 92 199 61 199 79 85
227 78 65 82 63 75 63 87 67 71 66 94 85 64 85 110 98 49 100 105 83 53 86 89 132 68 131 89 168 65 168 92 199 62 199 79 85
228 78 66 82 63 75 63 87 67 71 67 94 85 64 85 110 98 49 100 105 84 53 86 89 133 68 131 89 168 65 168 92 199 62 199 79 85
229 77 66 81 63 74 63 87 67 70 67 94 85 64 85 109 99 49 101 105 85 53 87 89 132 67 131 89 168 65 168 92 199 62 199 79 85
230 78 66 81 64 74 63 87 67 70 67 94 86 63 85 109 99 49 100 105 85 53 87 89 133 67 132 89 168 65 168 92 199 62 199 79 85
231 77 66 81 63 74 63 87 67 70 67 95 86 63 85 109 100 48 100 105 86 52 87 89 133 67 131 89 167 66 168 92 199 62 199 79 85
232 78 66 81 63 74 63 87 67 71 67 95 86 64 85 109 100 48 100 105 86 52 87 89 133 67 131 89 167 65 168 92 199 62 199 79 85
233 78 66 82 64 75 64 87 67 71 67 94 86 64 85 109 100 48 100 105 85 53 87 89 133 67 132 89 167 65 168 92 199 62 199 79 85
234 78 66 82 63 75 63 87 67 71 67 94 86 64 85 109 100 48 101 104 86 53 87 89 133 67 133 89 167 66 168 92 199 62 199 79 85
235 78 66 82 63 75 63 87 67 71 67 95 86 64 85 109 100 48 101 105 86 53 87 89 133 67 132 89 168 66 168 92 199 62 199 79 85
236 78 66 82 63 75 63 87 67 71 67 95 86 64 85 109 100 48 101 105 85 53 87 89 133 67 131 89 168 65 168 92 199 62 199 79 85
237 78 66 82 63 75 63 87 67 71 67 95 86 63 85 109 100 49 101 105 86 53 87 89 133 67 132 89 168 65 168 92 199 62 199 79 85
238 78 66 82 64 75 63 87 67 71 67 94 85 64 85 109 100 49 101 104 85 53 88 89 133 67 131 89 167 66 168 92 199 62 199 79 85
239 78 66 82 64 75 64 87 67 71 67 95 86 64 85 109 100 49 102 104 85 53 88 89 133 67 132 89 168 65 168 92 199 62 199 79 85
240 78 66 82 64 75 64 87 67 71 67 94 86 64 85 109 100 49 101 104 85 53 88 89 133 67 131 89 168 65 168 92 199 62 199 79 85
241 78 66 82 64 75 64 87 67 71 67 94 86 64 85 109 100 49 101 104 86 53 88 89 133 67 131 89 168 65 168 92 199 62 199 79 85
242 78 66 81 64 75 64 87 67 71 67 94 85 63 85 109 100 49 101 104 86 53 88 89 132 67 131 89 167 66 168 92 199 62 199 79 85
243 77 66 81 63 74 63 87 67 71 67 94 86 64 85 109 100 49 101 104 86 53 88 89 133 67 133 89 168 65 168 92 199 62 199 79 85
244 77 66 81 64 74 64 87 67 71 67 94 85 64 85 109 100 49 102 104 86 53 88 89 133 67 133 89 168 66 168 92 199 62 199 79 85
245 77 66 81 64 74 64 87 67 71 67 94 85 64 85 109 100 49 102 104 86 53 88 89 133 67 133 89 168 66 168 92 199 62 199 79 85
246 78 66 81 64 74 64 87 67 70 67 94 86 64 85 109 101 49 102 104 86 53 88 89 133 67 133 89 168 65 168 92 199 62 199 79 85
247 77 66 81 64 74 64 87 67 70 67 94 86 64 85 109 101 49 101 104 86 53 88 89 133 67 133 89 168 65 168 92 199 62 199 79 85
248 78 66 81 64 74 64 87 67 70 67 94 86 64 85 108 101 49 101 104 86 53 88 89 133 67 133 89 168 65 169 92 199 62 199 79 85
249 77 66 81 64 74 64 87 67 70 67 94 86 63 85 108 101 48 101 104 86 53 87 89 133 67 133 89 168 65 169 92 199 62 199 79 85
250 77 66 81 64 74 64 87 67 70 67 94 86 63 85 108 101 48 101 104 86 53 88 89 133 67 133 89 168 65 169 92 199 62 199 79 85
251 77 67 81 64 74 64 87 67 70 67 94 86 63 85 108 101 48 101 104 86 53 88 89 133 67 133 89 168 65 168 92 199 62 199 78 85
252 77 66 81 64 74 64 87 67 70 67 93 86 63 85 108 101 48 101 104 85 53 88 89 133 67 133 89 168 65 168 92 199 62 199 78 86
253 77 67 80 64 74 64 86 67 70 68 93 86 63 85 108 101 48 101 104 86 53 88 89 133 67 133 89 168 65 169 92 199 62 199 78 86
254 77 66 80 64 74 64 86 67 70 68 94 86 63 85 109 101 49 102 104 86 53 88 89 133 67 133 89 168 65 169 92 199 62 199 78 86
255 77 66 80 64 74 64 86 67 70 67 94 86 63 85 108 101 49 101 103 86 53 88 89 133 67 133 89 168 65 168 92 199 62 199 78 86
256 77 66 81 64 74 64 86 67 70 67 93 86 63 85 108 101 48 102 103 86 53 88 89 133 67 133 89 168 65 168 92 199 62 199 79 85
257 77 66 80 64 74 64 86 67 70 67 93 86 63 85 108 101 49 101 103 86 53 88 88 133 67 133 89 168 65 169 92 199 62 199 79 85
258 77 66 81 64 74 64 86 67 70 67 93 86 63 85 108 101 49 102 103 87 53 88 88 133 67 133 89 168 65 169 92 199 62 199 79 85
259 77 66 81 64 74 64 86 67 70 67 94 86 63 85 107 101 48 102 104 87 53 87 89 133 67 133 89 168 65 168 92 199 62 199 79 85
260 77 66 80 64 74 64 86 67 70 67 94 86 63 85 107 101 48 102 104 87 53 88 89 133 67 133 89 168 65 168 92 199 62 199 79 85
261 77 66 80 64 74 64 86 67 70 67 94 86 63 85 108 101 48 102 104 86 53 88 89 133 67 133 89 168 65 169 92 199 62 199 79 86
262 77 66 81 64 74 64 87 67 70 67 94 86 63 85 108 101 48 101 104 86 52 88 89 133 67 133 89 168 65 169 92 199 62 199 79 85
263 77 66 81 63 74 63 87 67 70 67 94 85 63 85 109 100 47 101 105 84 52 86 89 133 66 133 89 168 65 168 92 199 62 199 79 85
264 77 66 81 63 74 63 87 67 70 67 94 85 62 85 110 97 47 99 105 80 51 82 89 133 66 133 89 169 65 169 92 199 61 199 78 85
265 77 66 81 63 74 63 87 67 70 67 94 86 62 84 110 94 45 96 105 77 51 79 89 133 66 133 89 169 65 169 92 199 61 199 78 85
266 77 67 81 65 74 65 87 68 70 68 94 86 65 85 111 90 45 91 106 73 53 75 88 133 66 133 89 169 65 169 92 199 62 199 79 86
267 77 67 81 65 75 65 87 69 71 69 94 87 65 86 112 85 44 88 106 68 51 71 88 133 66 133 89 169 65 169 92 199 62 199 79 86
268 78 66 82 64 75 64 87 69 71 69 93 86 63 85 113 81 42 82 107 62 51 66 88 133 66 133 89 169 65 169 92 199 62 199 78 86
269 78 66 82 64 75 64 87 69 71 69 93 86 63 86 113 76 42 78 108 60 51 62 87 134 66 134 89 169 65 170 92 199 62 199 79 86
270 78 66 82 64 75 64 87 69 71 69 93 85 64 85 113 73 42 75 107 56 51 58 87 133 66 133 89 169 65 169 92 199 62 199 79 85
271 78 66 82 64 75 64 87 68 71 68 93 84 63 84 112 70 43 71 108 52 51 54 87 133 66 133 89 168 65 169 92 199 62 199 79 84
272 78 66 82 64 75 64 87 68 71 67 94 83 63 83 111 68 44 68 107 48 52 51 88 133 66 133 89 168 65 169 92 199 62 199 78 83
273 79 66 83 64 76 64 87 67 71 67 94 82 63 82 110 65 45 65 106 45 53 46 88 132 66 131 89 167 65 168 92 199 62 199 78 82
274 79 67 82 64 75 64 87 67 71 67 95 82 63 81 108 63 49 64 105 41 53 44 88 132 66 131 89 167 65 168 92 199 62 199 79 81
275 79 67 83 64 76 63 88 68 71 66 95 82 63 80 107 60 50 59 104 41 55 38 88 131 66 131 89 167 65 168 92 199 62 199 78 81
276 79 67 83 64 76 63 88 68 71 66 94 82 64 80 104 61 54 62 103 40 55 38 88 131 67 131 89 167 66 167 92 199 62 199 79 81
277 79 66 83 63 76 62 87 67 71 64 93 81 64 78 101 61 57 61 100 37 57 35 88 130 67 131 89 166 66 167 93 199 62 199 78 80
278 79 66 83 63 76 62 87 67 71 64 93 80 65 77 98 60 60 61 98 35 59 35 88 129 68 129 90 166 66 166 93 199 62 199 79 78
279 79 66 83 63 76 62 88 67 71 64 93 80 65 77 97 60 61 61 97 37 60 36 88 129 68 129 90 166 66 166 92 199 62 199 79 78
280 79 66 83 63 76 62 87 67 71 64 93 80 65 77 97 60 61 62 96 37 60 37 88 129 68 130 90 166 66 167 92 199 62 199 79 78
281 79 66 82 63 76 62 87 67 71 64 93 80 65 78 97 61 60 62 95 37 60 37 88 130 68 130 89 167 66 167 92 199 62 199 78 79
282 78 65 82 63 75 62 87 66 71 64 92 80 65 78 97 62 60 62 95 38 61 37 88 130 68 130 90 167 66 167 92 199 62 199 78 79
283 79 65 82 62 75 61 86 66 70 64 93 80 64 78 97 60 60 63 94 37 61 37 88 130 68 130 89 167 66 167 92 199 62 199 78 79
284 78 64 81 62 74 61 86 66 70 64 93 80 64 78 96 60 60 61 94 37 61 36 88 130 68 130 89 167 66 167 92 199 62 199 78 79
285 78 65 81 62 74 61 86 66 70 64 93 80 64 78 97 61 59 64 93 37 60 36 88 130 68 130 89 166 66 167 92 199 62 199 78 79
286 78 65 82 62 74 61 87 66 69 64 93 80 64 78 97 61 59 63 93 36 60 36 88 130 67 130 89 167 66 167 92 199 62 199 78 79
287 78 65 81 62 74 61 86 66 69 64 93 80 64 78 96 61 59 62 93 37 60 36 88 130 67 130 89 167 66 167 92 199 62 199 78 79
288 77 65 81 62 74 61 86 67 70 64 92 80 64 78 97 61 59 63 92 37 60 36 87 130 67 130 89 167 65 168 92 199 62 199 78 79
289 77 65 81 62 74 61 86 66 69 64 92 81 64 78 96 62 59 64 92 37 60 37 87 130 67 130 89 167 65 168 93 200 62 199 78 79
290 77 65 81 62 74 61 86 66 69 64 92 80 64 78 96 61 59 63 92 37 60 36 87 130 67 130 89 167 65 167 93 200 62 199 78 79
291 77 65 81 62 74 61 86 66 70 64 92 80 64 78 96 61 59 63 92 37 60 37 87 129 67 130 89 167 65 167 93 200 62 199 78 79
292 77 65 81 62 74 62 86 66 69 65 92 80 63 79 96 61 59 63 92 37 60 37 87 130 67 130 89 167 65 167 93 200 62 199 78 79
293 77 65 81 62 73 62 85 66 69 65 92 81 63 79 96 62 59 63 92 37 60 37 87 130 67 130 89 167 65 167 92 200 62 199 77 80
294 77 65 80 62 73 62 85 66 68 65 92 81 63 79 96 62 59 63 92 37 60 37 88 130 67 130 89 167 65 167 92 200 62 199 77 80
295 77 65 80 62 73 62 85 66 68 65 92 81 63 80 96 62 58 65 92 37 60 37 87 130 67 130 88 167 65 167 93 199 62 199 77 80
296 77 65 80 62 73 62 85 67 69 65 92 82 63 80 96 62 59 63 92 37 60 37 87 130 67 131 88 167 65 167 92 199 62 199 77 80
297 77 65 80 62 73 61 85 66 68 65 92 81 63 79 96 62 59 63 92 37 60 37 87 130 67 130 88 167 65 166 92 200 62 199 77 80
298 76 65 80 62 73 61 85 66 68 65 92 81 63 79 96 61 59 63 92 37 60 37 86 130 66 130 88 167 65 167 92 199 62 199 77 80
299 76 65 80 62 73 61 85 66 68 65 92 81 63 79 96 62 59 62 92 38 60 37 87 130 66 130 88 167 65 167 93 199 62 199 77 80
300 77 65 80 62 73 62 85 66 69 65 92 81 63 79 96 62 59 63 92 37 60 37 87 130 66 131 89 167 65 167 92 200 62 199 77 80
301 77 65 80 62 73 62 85 66 69 65 92 82 64 79 96 61 58 65 92 37 60 37 87 130 67 131 89 167 65 167 93 200 62 199 77 80
302 77 65 81 62 73 62 85 66 69 65 92 81 63 79 96 61 58 63 92 37 60 37 87 130 67 130 88 167 65 166 92 200 62 199 77 80
303 77 65 80 62 73 62 85 66 69 65 92 81 63 79 96 61 58 63 92 36 59 36 87 130 67 130 88 167 65 167 92 199 62 199 78 80
304 77 65 80 62 73 62 85 66 69 65 92 81 63 79 96 61 59 62 92 36 60 37 87 130 67 130 88 167 65 167 92 199 62 199 77 80
305 77 65 80 62 73 62 85 66 69 65 92 81 64 79 97 62 59 63 92 37 59 37 87 130 67 130 88 167 65 167 92 199 62 199 77 80
306 77 65 80 62 73 62 85 66 69 65 92 81 64 79 97 63 59 63 93 36 60 37 87 130 67 130 88 167 65 167 93 199 62 199 78 80
307 77 65 80 62 73 62 85 66 69 65 92 81 64 79 97 63 59 63 93 36 60 37 87 130 67 130 88 166 65 166 93 199 62 199 78 80
308 77 65 81 62 74 62 86 66 69 65 92 81 64 79 97 62 59 64 93 37 60 38 87 130 67 130 88 167 65 167 93 199 62 199 78 80
309 77 65 81 62 74 62 86 66 69 65 93 81 64 79 97 61 59 65 93 37 60 38 87 130 67 130 88 166 65 167 93 199 62 199 78 80
310 78 65 81 62 74 62 86 66 70 65 93 81 64 79 97 62 58 65 94 37 60 37 87 130 67 130 89 166 65 167 93 199 62 199 78 79
311 78 65 81 62 74 62 86 66 70 65 93 81 64 79 97 62 58 65 94 37 60 37 87 130 67 130 89 166 66 167 93 199 62 199 78 80
312 78 65 81 62 74 62 86 66 70 65 93 81 64 79 97 62 58 64 94 37 60 37 88 130 67 130 89 166 65 167 93 199 62 199 78 79
313 78 65 81 62 74 62 86 66 69 65 93 81 64 79 97 61 59 65 95 37 60 37 88 130 67 130 89 167 65 167 93 199 62 199 78 80
314 78 65 81 62 74 62 86 66 69 65 93 81 64 79 97 61 59 65 95 37 60 38 88 130 67 130 89 167 65 167 92 199 62 199 78 80
315 77 65 81 62 74 62 86 66 69 65 93 81 64 79 97 62 59 65 95 38 60 37 88 130 67 130 89 167 65 167 93 199 62 199 78 79
316 78 66 81 63 74 62 86 66 69 65 93 81 64 78 97 61 59 65 95 38 60 37 87 130 67 130 89 167 65 167 93 199 62 199 78 79
317 77 66 81 63 74 62 86 67 69 65 93 81 64 79 97 60 59 63 96 37 60 37 87 130 67 130 89 167 65 167 92 199 62 199 78 80
318 77 65 81 62 74 62 86 66 69 65 93 81 64 79 97 61 58 65 96 37 60 38 87 130 67 130 89 167 65 167 93 199 62 199 78 80
319 77 65 81 62 74 62 86 67 69 65 93 82 64 79 97 61 59 65 96 37 59 38 87 130 67 130 89 167 65 167 93 199 62 199 78 80
320 77 65 81 62 73 62 86 67 69 65 93 82 64 79 99 61 58 63 97 38 59 38 87 130 67 130 89 167 65 167 92 199 62 199 78 81
321 77 65 81 62 74 62 86 67 68 65 93 83 63 80 101 61 56 63 98 38 58 39 87 131 67 131 89 167 65 167 92 199 62 199 77 81
322 77 65 81 63 74 62 86 67 69 66 94 83 63 80 104 61 54 61 99 40 57 39 87 131 66 131 89 167 65 167 92 199 62 199 78 81
323 77 65 81 63 74 62 86 68 70 66 94 83 63 81 105 62 52 61 100 42 57 41 87 132 67 132 89 167 65 167 92 199 62 199 78 82
324 77 65 81 63 74 62 86 68 70 66 93 83 64 81 107 64 51 62 101 44 56 43 87 133 67 133 88 167 65 166 92 199 62 198 78 82
325 76 64 81 62 74 62 86 67 70 66 93 83 63 81 108 66 49 63 101 47 55 45 87 133 66 133 88 166 65 166 92 198 62 198 78 82
326 77 65 81 63 74 62 86 68 70 67 93 85 64 82 108 69 49 66 103 51 54 48 87 133 67 133 88 166 65 166 92 198 62 197 78 83
327 77 65 81 62 75 62 87 68 70 67 92 86 64 83 110 71 47 68 104 53 54 51 87 133 66 133 88 167 65 167 92 198 62 197 78 84
328 78 65 81 63 75 63 87 68 71 68 92 86 64 84 110 73 45 71 105 58 53 55 87 133 66 133 89 167 65 166 92 198 62 197 78 85
329 78 66 81 63 75 63 87 68 71 68 93 86 64 84 109 75 43 74 105 59 51 57 87 133 66 133 89 167 65 166 92 197 62 197 78 85
330 77 66 81 63 75 63 87 68 71 68 93 87 63 85 112 77 42 76 106 61 51 61 88 133 67 133 89 167 65 167 92 197 62 197 78 85
331 78 66 82 64 75 64 87 68 71 69 94 87 64 85 112 80 41 80 105 63 50 64 88 134 66 134 89 167 65 167 92 197 62 197 79 86
332 79 66 82 63 75 64 87 68 71 68 94 87 63 85 113 83 41 83 106 65 50 66 88 133 66 133 89 167 65 167 92 197 62 197 79 86
333 78 66 82 63 75 63 87 67 71 67 94 87 64 85 113 84 43 87 106 69 52 71 88 133 66 133 89 166 65 167 92 197 62 196 79 86
334 78 65 82 62 75 62 86 67 70 66 94 86 63 85 111 87 43 90 105 72 51 73 88 133 67 133 89 166 65 166 92 197 62 196 78 85
335 78 64 82 62 75 62 87 67 70 66 94 86 62 85 111 88 43 92 105 74 51 76 89 133 67 133 89 166 66 166 92 197 62 196 78 86
336 77 65 81 63 74 62 87 67 70 66 95 87 64 85 112 91 44 94 105 76 51 78 89 133 67 133 89 166 66 166 92 197 62 195 79 86
337 77 65 81 62 74 62 87 66 70 66 95 86 64 85 113 93 45 95 106 78 51 81 89 132 68 131 89 166 66 166 92 196 62 195 79 85
338 78 65 82 62 75 62 87 66 70 65 95 86 63 85 113 94 46 98 106 79 51 84 89 132 68 133 90 166 66 166 92 197 62 195 79 86
339 78 65 82 62 74 62 87 66 70 66 94 86 63 85 111 95 46 98 105 80 51 85 89 131 68 131 89 166 66 166 92 197 62 195 79 86
340 78 65 81 62 74 63 87 66 70 66 94 86 63 86 111 95 46 99 105 79 51 85 89 132 68 132 90 165 66 165 92 196 62 195 79 86
341 79 65 82 63 75 63 88 66 70 66 95 86 64 85 112 96 47 99 104 81 52 85 89 132 69 131 90 165 66 165 92 196 62 194 80 86
342 79 65 82 62 75 62 87 66 70 66 94 87 64 85 112 97 45 100 105 83 51 85 89 133 69 133 90 165 66 165 92 196 62 195 79 86
343 80 65 83 62 76 62 88 65 71 65 93 86 65 85 110 97 44 103 105 84 51 88 89 133 69 133 90 165 66 165 92 196 61 197 80 86
344 79 65 83 62 76 62 88 65 71 65 93 86 65 85 109 97 44 102 104 83 51 87 89 133 69 133 90 165 66 165 92 197 61 199 80 86
345 79 65 83 62 76 62 88 65 71 65 93 86 65 86 108 97 44 103 104 85 51 86 88 135 69 137 90 167 66 170 93 199 60 205 79 86
346 79 65 82 61 75 62 87 64 71 64 93 85 66 85 106 97 47 99 104 85 50 82 88 135 70 135 90 170 67 174 94 206 59 207 80 85
