4 81 31 85 27 77 28 91 33 71 34 102 57 63 55 113 39 52 50 110 21 46 24 93 121 65 121 98 162 61 162 107 201 55 199 82 56
5 81 31 85 27 77 28 91 33 71 34 102 57 64 55 113 46 52 50 111 22 46 22 93 121 65 121 98 163 62 162 107 201 55 199 83 55
6 82 31 85 27 77 28 91 33 71 35 102 57 63 56 113 45 52 50 111 21 46 23 93 121 65 121 98 163 62 162 107 202 56 199 82 56
7 82 31 85 28 77 28 91 34 71 35 101 58 63 57 113 45 53 49 111 22 46 25 93 122 65 122 98 163 62 163 107 202 55 199 82 57
8 82 32 86 28 77 29 91 34 72 35 101 58 63 57 113 46 52 49 111 22 47 26 93 122 65 122 98 163 61 163 107 202 55 200 82 57
9 81 32 86 28 77 29 91 34 71 35 102 58 64 57 113 45 52 50 111 22 47 25 93 122 65 122 98 164 61 162 107 202 55 200 82 57
10 81 32 85 29 77 29 92 34 71 35 101 58 64 57 112 46 52 50 111 23 46 25 93 122 65 122 98 165 61 163 107 203 55 201 82 57
11 81 32 85 28 77 29 91 34 72 35 101 58 64 57 113 46 52 50 111 23 46 25 93 122 65 122 98 165 61 163 107 203 55 201 82 57
12 81 32 86 28 77 28 92 34 72 35 102 58 65 57 113 46 53 51 111 22 47 26 93 122 65 122 99 166 61 163 107 203 54 202 82 57
13 81 31 85 28 77 28 92 34 72 35 102 58 65 57 113 45 53 51 111 22 46 27 93 122 65 121 99 166 61 163 107 204 54 202 82 57
14 81 32 85 28 77 29 92 34 72 35 102 58 65 57 113 46 53 50 111 22 47 26 93 122 65 122 99 166 61 163 107 204 54 203 82 58
15 81 32 85 28 77 29 92 34 72 35 102 58 65 57 113 46 53 50 111 23 46 25 93 122 65 122 100 167 61 163 107 204 54 202 83 58
16 81 32 85 28 77 29 92 34 72 35 102 58 65 57 113 46 53 50 111 22 46 25 93 122 65 122 100 166 60 163 107 204 54 203 83 58
17 81 32 85 28 77 28 92 34 72 35 102 58 65 57 113 46 53 50 111 22 46 25 93 123 64 123 101 166 59 163 107 204 54 203 82 58
18 81 32 85 28 77 29 92 35 72 35 102 59 65 57 113 46 53 50 111 22 46 25 93 123 64 122 102 166 58 163 107 204 54 203 82 58
19 81 32 85 28 77 29 92 35 72 35 102 59 64 58 112 46 53 49 111 22 46 24 94 122 64 122 104 165 57 163 108 204 54 202 82 58
20 81 33 85 30 77 30 92 35 72 36 102 59 64 59 112 48 53 50 110 23 46 24 95 122 65 122 106 164 55 162 108 204 54 202 82 59
21 80 35 84 31 76 32 91 37 71 38 101 60 64 60 112 49 53 52 111 25 46 25 95 122 66 123 108 163 54 162 108 205 54 203 82 60
22 80 37 84 34 76 34 91 39 71 41 101 62 64 62 111 51 52 54 109 26 46 27 96 122 66 123 110 162 51 163 108 205 54 202 82 61
23 80 39 85 36 76 37 91 42 71 43 101 64 64 64 111 51 52 57 109 27 46 29 96 124 66 125 111 163 50 163 108 205 54 202 82 63
24 79 44 84 40 75 41 91 46 71 46 101 68 65 66 111 54 52 60 108 29 45 31 97 126 67 127 114 164 48 161 108 205 54 202 82 67
25 80 47 84 43 76 44 91 49 71 50 101 71 66 70 112 58 53 62 108 31 45 33 97 127 67 128 115 164 46 162 108 205 54 202 83 70
26 81 50 85 46 76 46 91 52 71 52 100 74 65 72 111 60 52 66 107 33 44 35 97 130 68 130 116 165 44 162 108 205 54 202 82 73
27 80 53 84 49 76 50 91 55 71 55 100 76 64 75 111 64 52 68 107 37 44 39 96 132 67 132 116 166 42 163 108 205 53 202 82 75
28 80 56 84 52 76 53 91 58 71 59 100 78 65 78 111 67 52 71 107 41 44 44 96 134 67 134 118 166 41 164 108 205 53 202 82 78
29 80 60 84 56 76 56 91 61 71 61 101 82 64 81 110 68 52 75 107 44 45 49 96 136 67 136 118 167 40 165 108 205 53 202 82 81
30 80 62 85 59 76 59 91 65 71 65 100 86 64 85 111 73 52 78 107 48 45 53 95 139 67 138 119 168 39 165 108 206 53 202 81 85
31 79 65 84 62 75 62 90 68 70 68 100 89 63 87 110 77 51 80 107 53 44 55 95 141 66 141 120 169 38 166 108 206 53 203 81 87
32 79 68 84 65 75 65 89 70 70 71 99 91 63 91 110 80 51 85 107 57 44 58 95 144 66 144 121 169 38 166 108 206 53 203 80 91
33 79 71 83 67 75 68 90 73 70 74 99 94 63 94 110 83 50 87 108 59 44 60 95 147 65 148 121 169 37 167 108 207 53 203 80 93
34 78 74 83 71 74 71 90 76 70 76 99 96 63 96 110 85 51 90 107 61 44 63 95 149 65 150 121 171 37 168 108 208 53 203 81 95
35 79 77 83 73 75 73 90 79 69 78 99 99 63 99 110 89 51 93 107 64 44 67 95 151 65 151 122 171 36 169 108 207 53 204 80 98
36 79 80 83 76 75 77 90 82 70 82 99 103 63 102 109 91 51 95 108 67 44 70 94 154 66 154 122 171 36 171 108 208 53 204 81 101
37 79 83 83 79 75 80 89 84 70 85 98 105 63 105 110 93 51 99 109 71 44 71 93 156 66 157 122 171 36 171 108 208 53 205 80 104
38 79 86 83 82 75 82 90 87 70 87 98 107 63 107 111 97 52 100 109 74 44 75 94 158 67 158 123 172 36 171 108 208 53 205 81 106
39 79 89 83 85 75 85 90 89 71 90 99 109 64 109 111 99 52 103 110 78 45 79 93 161 67 161 123 172 36 171 108 209 54 205 81 109
40 80 91 84 87 76 87 91 92 71 92 100 111 64 111 112 100 52 106 111 80 45 82 93 164 67 163 124 173 36 172 107 209 54 205 81 111
41 79 93 84 89 76 89 91 94 71 95 99 114 64 114 112 105 52 109 111 81 46 84 93 165 67 164 124 174 36 172 107 209 54 205 81 113
42 80 95 84 91 76 92 91 96 71 97 100 116 64 116 113 107 53 112 112 84 46 87 94 167 67 165 124 174 36 172 107 209 54 205 81 116
43 80 97 85 93 76 93 91 98 71 98 100 117 64 117 113 108 53 114 112 86 46 89 94 168 68 167 123 174 36 172 108 209 54 205 81 117
44 81 98 85 95 77 95 91 99 71 99 101 119 64 119 113 109 53 115 112 88 47 91 94 169 69 168 123 174 37 171 107 209 54 206 81 119
45 80 99 84 96 76 96 90 100 71 100 100 120 64 121 112 112 53 115 112 90 46 93 94 170 69 169 123 174 37 172 107 208 55 205 81 120
46 80 100 85 97 76 97 91 101 71 101 100 121 64 121 112 113 53 116 112 91 47 93 94 171 69 169 122 173 37 172 107 209 54 205 81 121
47 80 101 85 97 76 97 91 101 71 102 100 121 64 122 112 114 53 117 112 92 47 94 94 171 69 169 122 174 37 172 107 208 55 205 81 121
48 80 100 85 97 76 97 91 102 71 102 100 122 64 122 112 114 53 118 112 93 47 95 93 171 69 169 122 173 37 172 107 208 54 205 81 121
49 80 101 85 97 76 98 90 102 71 102 100 122 64 123 112 114 53 118 113 93 47 95 93 171 69 169 122 173 37 171 107 208 54 205 81 121
50 80 100 85 97 76 97 91 102 71 102 100 122 64 123 112 113 53 119 113 92 47 95 93 172 69 170 122 173 37 171 107 208 54 205 81 122
51 80 101 85 97 76 98 90 102 71 103 100 122 64 123 112 114 53 119 113 92 47 95 93 172 69 170 122 174 37 171 107 208 54 205 81 122
52 80 100 85 97 76 98 91 102 71 102 100 122 64 123 112 114 53 119 113 92 47 94 93 171 69 170 122 173 37 171 107 208 54 205 81 122
53 80 100 84 97 76 98 90 102 71 102 100 122 64 123 112 114 53 118 113 92 47 95 94 171 69 170 122 174 37 172 107 208 54 205 81 122
54 80 100 85 97 76 98 90 102 71 102 100 122 64 123 112 114 53 118 113 93 47 95 93 171 69 170 122 174 37 171 107 208 54 205 81 122
55 80 101 85 97 76 98 91 102 71 102 100 122 64 123 112 114 53 118 113 93 47 95 94 171 69 170 122 173 37 171 107 208 54 205 81 122
56 80 101 84 97 76 98 90 102 71 103 100 122 64 123 112 114 53 118 113 93 47 95 93 172 69 170 121 173 37 171 107 208 54 205 81 122
57 80 101 84 98 76 98 90 102 71 103 100 122 64 123 112 114 53 118 113 93 47 95 94 172 69 170 121 173 37 171 107 208 54 205 81 122
58 79 101 84 98 76 98 90 102 71 103 100 122 64 123 112 114 53 119 113 93 47 95 93 172 69 170 121 173 37 171 107 208 54 204 81 122
59 80 101 84 98 76 98 90 102 71 103 100 122 64 123 112 113 53 118 112 93 47 95 94 171 69 170 121 173 37 172 107 208 54 205 81 122
60 80 100 84 97 76 97 90 101 71 102 100 122 64 122 112 113 53 118 112 93 47 95 94 171 69 169 121 173 37 172 107 208 54 205 81 121
61 80 100 84 96 76 97 90 101 71 101 99 121 64 121 112 114 53 117 112 93 46 95 93 171 68 168 121 173 36 171 107 209 54 205 81 121
62 79 99 83 95 75 95 90 98 70 99 100 119 63 120 112 112 52 116 112 92 46 93 94 169 68 167 122 173 36 171 107 210 54 205 81 119
63 80 95 84 91 76 92 90 96 71 97 99 117 64 116 113 110 52 114 112 89 46 92 93 167 67 166 122 174 36 172 107 209 54 205 81 116
64 80 93 84 89 76 89 90 93 71 94 99 113 64 113 113 107 52 111 112 86 46 90 93 165 66 163 122 173 36 172 107 209 54 205 81 112
65 79 89 83 85 75 86 90 90 71 90 99 109 64 110 112 102 52 107 112 81 45 85 94 160 67 161 122 172 36 171 108 209 54 205 81 109
66 79 85 83 82 75 82 90 86 70 86 99 106 64 106 112 98 52 103 112 78 45 80 94 156 67 157 121 172 37 171 108 208 53 205 81 106
67 79 81 83 77 74 78 90 82 70 83 99 102 64 102 113 94 52 99 113 73 45 74 95 153 67 153 121 171 37 170 108 208 53 204 81 102
68 79 77 83 73 75 73 90 78 70 78 99 98 64 98 113 90 52 95 113 69 45 70 95 150 66 150 121 170 37 168 108 207 53 203 81 97
69 79 72 83 68 75 69 90 73 71 74 99 93 64 94 112 86 51 91 112 64 45 64 94 146 65 147 121 169 38 167 108 207 53 203 81 93
70 79 68 83 64 75 64 89 69 70 69 99 90 64 90 112 82 52 86 113 60 46 61 94 141 66 141 120 168 38 165 108 206 53 203 81 89
71 79 63 83 59 75 60 91 64 71 65 99 85 64 85 113 78 52 81 113 55 46 57 94 137 66 137 119 166 39 163 108 206 53 203 81 84
72 80 59 84 55 76 55 90 60 71 60 99 80 64 80 113 73 52 78 113 50 45 53 94 134 66 134 118 165 40 162 108 205 53 202 81 80
73 79 54 84 50 75 51 91 56 71 57 100 76 64 77 113 70 52 73 113 47 45 47 94 131 65 131 117 164 41 162 108 205 53 202 82 76
74 79 51 84 47 75 47 90 52 70 52 99 74 63 73 113 65 52 69 113 43 45 41 94 129 65 129 115 163 43 161 108 206 53 203 81 73
75 80 47 84 43 75 44 91 49 70 49 100 70 64 69 113 62 52 65 113 38 44 36 95 127 65 126 114 163 45 161 108 205 54 202 82 69
76 79 44 84 40 75 41 91 46 70 46 101 67 63 66 113 58 52 61 113 33 44 33 95 125 65 125 113 162 47 161 108 205 54 202 81 66
77 79 41 84 37 75 38 90 42 70 44 101 64 63 64 113 54 51 59 113 31 45 31 95 122 65 123 111 161 49 161 108 205 54 202 81 64
78 80 38 84 34 75 35 90 40 71 41 101 62 64 62 112 54 51 57 112 29 45 29 95 121 65 122 109 161 51 162 108 205 53 203 81 62
79 79 36 84 33 75 33 90 38 71 39 101 60 63 61 112 51 52 54 112 28 45 28 95 120 65 121 108 161 53 162 108 205 53 203 82 60
80 80 35 84 31 76 31 91 36 70 37 102 59 63 60 112 47 52 53 113 26 45 27 95 119 65 120 106 161 55 161 108 205 53 203 82 59
81 80 33 85 29 76 30 91 35 70 36 102 58 62 58 113 47 52 51 112 24 44 25 95 119 65 119 104 162 56 163 108 205 53 203 82 58
82 81 33 85 29 76 29 91 35 71 35 102 58 63 58 113 45 52 50 112 23 45 24 94 119 65 121 103 163 58 163 108 204 53 203 82 57
83 81 32 85 28 77 28 91 35 71 35 102 58 64 57 113 45 52 50 111 22 45 25 93 120 65 121 102 165 59 164 108 204 53 204 82 57
84 81 32 85 28 76 28 92 34 71 35 102 58 64 58 113 45 52 50 111 21 45 24 93 121 65 121 100 164 60 163 108 204 53 204 82 57
85 81 31 85 28 77 28 91 35 72 35 101 58 64 58 113 45 52 50 111 21 46 25 93 121 65 121 99 164 61 163 107 204 54 203 82 58
86 81 32 85 28 77 29 92 35 72 35 102 58 65 58 112 46 52 51 111 22 46 26 92 121 65 121 99 166 61 162 107 204 54 203 83 58
87 81 33 85 29 77 29 92 35 72 35 101 58 65 58 112 47 53 51 111 22 46 27 92 121 65 121 99 165 61 162 107 204 54 203 82 58
88 81 33 85 29 77 29 91 35 72 35 101 58 65 58 112 48 53 51 111 23 46 27 92 121 65 121 99 164 61 163 107 204 54 203 82 58
89 81 33 85 29 77 29 91 35 72 35 101 58 65 58 112 48 53 52 111 23 47 27 92 121 65 121 99 164 61 163 107 204 54 203 82 58
90 81 33 85 29 77 30 91 35 72 35 101 58 65 58 112 47 53 52 112 23 47 28 92 121 65 121 99 165 61 163 107 204 54 203 82 58
91 81 33 85 29 77 30 91 34 72 36 101 58 65 58 113 47 53 52 112 24 48 28 92 121 65 121 99 165 61 163 107 204 54 203 82 58
92 81 33 85 29 77 30 91 35 72 36 101 58 65 58 113 47 53 51 113 23 47 27 92 121 65 121 99 165 61 163 107 204 54 203 82 58
93 81 33 85 29 77 30 91 35 72 36 101 58 65 58 113 46 53 51 112 23 47 27 91 121 65 121 99 165 61 163 107 204 54 203 82 58
94 81 33 85 29 77 30 91 35 72 36 101 58 65 58 113 47 53 51 112 23 48 27 91 121 65 121 98 165 61 162 107 203 54 203 82 58
95 81 33 85 29 77 30 91 35 72 36 101 58 65 58 113 47 53 51 113 23 47 26 92 121 65 121 98 165 61 163 107 204 54 203 82 58
96 81 33 85 29 77 30 91 35 72 36 101 58 65 58 113 46 53 51 113 23 48 27 92 121 65 121 99 165 61 162 107 204 54 203 82 58
97 81 33 85 29 77 30 92 35 72 36 101 58 65 58 113 47 53 51 113 23 47 27 92 121 64 121 99 165 61 163 107 204 54 203 82 58
98 81 33 85 29 77 30 92 35 72 35 101 58 65 58 113 47 53 51 113 24 47 27 91 121 64 121 99 165 60 162 107 204 54 203 82 58
99 81 33 85 29 77 30 92 34 72 35 101 58 65 57 113 47 54 51 113 23 47 26 92 121 65 121 99 165 60 162 107 203 54 203 82 58
100 81 33 85 29 77 29 92 34 73 35 102 58 65 57 113 47 54 51 113 23 48 26 92 122 65 121 100 166 60 162 107 204 54 203 83 58
101 81 32 85 28 77 29 92 34 72 35 102 58 65 57 113 47 54 51 113 23 48 26 93 122 65 122 101 165 59 163 108 204 53 203 83 58
102 81 32 85 28 77 29 92 34 72 35 102 58 65 57 113 46 54 51 112 23 47 25 93 122 65 122 103 166 58 163 108 204 53 203 83 58
103 81 33 85 29 77 30 92 35 72 35 102 58 65 58 113 46 53 51 112 23 47 25 94 121 65 121 104 165 57 163 108 204 53 203 83 58
104 81 34 85 30 77 30 92 35 72 36 102 59 65 59 113 47 53 52 112 23 46 25 94 122 65 122 105 164 56 163 108 205 53 203 83 59
105 81 35 85 31 77 32 91 37 72 38 102 60 65 60 113 49 53 53 112 24 47 26 95 122 66 123 107 165 54 164 108 205 53 202 83 60
106 80 37 84 33 76 34 91 38 72 40 102 61 65 62 112 51 53 55 112 26 46 28 95 122 66 123 108 164 52 163 108 205 54 203 83 61
107 80 39 84 35 76 36 91 41 72 43 102 63 65 63 112 52 53 57 110 28 46 29 96 123 65 123 109 163 51 164 108 204 54 202 83 63
108 80 42 85 38 76 39 92 43 72 44 101 65 65 65 112 53 53 59 110 30 46 30 96 125 66 126 111 164 50 162 108 205 53 202 82 65
109 80 44 84 41 76 41 91 46 71 47 101 68 65 67 113 58 53 61 110 30 46 32 96 127 67 127 112 164 48 162 108 205 54 202 83 67
110 80 48 84 44 76 45 91 50 72 50 100 72 66 70 113 61 53 65 109 33 46 36 97 129 67 129 114 163 46 162 108 205 53 202 83 71
111 81 51 85 47 76 47 91 53 72 52 100 74 65 73 111 64 53 68 108 37 46 39 96 130 67 130 115 164 44 162 108 205 53 203 82 73
112 81 54 85 50 76 50 91 55 72 56 100 76 65 77 111 65 53 71 107 40 47 44 96 132 67 132 115 164 42 163 108 206 53 202 83 76
113 80 56 85 53 77 53 91 59 72 59 100 79 65 79 112 67 53 73 108 43 47 47 96 134 67 134 117 166 41 163 108 205 53 202 82 79
114 80 60 85 57 77 57 91 62 72 62 100 83 65 82 112 72 53 77 108 48 48 51 96 136 68 136 118 168 40 164 108 205 53 202 82 82
115 81 64 85 60 77 61 91 65 72 66 100 86 65 86 112 75 53 83 109 51 48 56 95 139 68 139 118 169 39 164 108 206 53 202 82 85
116 80 67 84 63 77 63 90 69 72 69 100 90 65 90 111 81 53 85 109 55 49 59 95 141 67 141 120 170 38 166 108 206 53 203 81 89
117 80 70 84 67 76 67 90 72 72 72 100 92 65 93 111 83 53 88 108 58 48 61 95 145 67 146 120 170 38 166 108 207 53 203 81 92
118 81 73 85 70 77 70 91 75 72 75 100 95 65 95 111 85 53 91 108 61 48 63 95 149 66 149 121 171 37 168 108 207 53 203 82 95
119 81 77 85 74 77 73 91 79 72 78 100 99 65 98 112 89 54 94 108 64 49 66 95 150 66 151 121 172 37 168 108 208 53 204 82 98
120 81 80 85 76 77 76 91 81 72 81 100 102 65 101 112 92 53 98 109 67 48 70 95 153 67 153 122 172 37 170 108 208 53 204 82 101
121 81 83 85 79 77 80 91 84 72 83 99 105 65 104 112 94 53 100 111 73 49 73 94 156 67 156 122 172 37 171 108 208 53 204 82 104
122 80 86 85 82 76 82 91 87 71 86 99 106 65 107 112 97 54 102 110 75 49 76 94 157 67 158 122 172 36 171 107 209 53 205 82 106
123 81 88 85 84 77 85 91 88 72 89 99 108 65 109 112 99 53 105 110 77 48 80 94 159 67 160 122 172 36 170 107 209 54 205 82 108
124 81 90 85 87 77 87 91 92 72 92 100 111 65 111 112 101 53 107 111 80 49 82 94 163 67 163 122 173 36 171 108 209 54 205 82 111
125 81 92 85 89 77 89 91 93 72 94 100 114 64 113 113 105 53 110 111 82 49 85 93 165 67 164 122 173 35 171 108 209 54 205 81 113
126 81 94 85 90 77 90 91 95 71 96 99 116 64 115 113 107 53 111 111 85 49 87 93 167 67 165 122 174 35 171 108 209 54 204 81 115
127 81 96 85 92 77 92 91 97 72 97 99 117 64 116 113 109 53 114 111 88 49 89 93 167 67 166 122 174 35 171 108 209 54 205 81 116
128 80 98 84 94 77 94 90 98 71 99 100 119 64 118 113 110 53 116 111 90 48 91 94 168 68 167 122 174 34 171 107 209 54 204 81 118
129 80 99 84 96 76 96 90 100 71 101 100 121 64 121 112 112 53 117 111 92 48 92 93 170 68 168 121 174 35 171 107 209 54 204 81 120
130 80 100 85 97 76 97 90 101 71 101 100 122 64 122 112 114 53 118 110 93 48 94 93 170 68 169 121 174 35 171 107 208 54 204 81 121
131 80 100 84 98 76 97 90 102 71 102 100 122 63 123 111 115 53 119 109 94 48 94 93 171 67 169 121 174 35 172 107 208 54 204 81 122
132 80 101 84 98 76 98 90 103 71 103 99 123 64 123 111 116 53 120 109 94 47 95 93 172 67 169 121 174 35 171 107 209 54 204 81 123
133 79 101 84 98 75 98 90 102 71 103 100 123 64 123 112 115 53 119 109 94 47 95 93 171 68 169 121 174 35 171 108 208 54 204 81 122
134 79 101 84 98 75 98 90 102 71 103 100 123 63 124 112 116 53 119 109 94 47 95 93 171 68 169 121 174 36 171 107 208 54 204 81 122
135 79 101 84 98 75 98 90 103 71 103 100 123 64 124 112 116 53 119 109 94 47 95 93 171 68 170 122 174 35 171 107 209 54 204 81 122
136 80 101 84 98 76 98 90 102 71 103 100 123 64 123 112 115 52 119 109 94 47 95 94 171 69 170 122 174 36 172 107 208 54 204 81 122
137 80 101 84 98 76 98 90 102 71 103 100 123 64 123 112 115 52 119 109 94 47 95 94 171 68 169 122 174 36 172 107 208 54 204 81 122
138 80 101 84 98 76 98 90 102 71 103 100 123 64 123 112 114 52 119 109 94 47 95 94 171 68 170 122 174 36 172 107 208 54 204 81 122
139 80 101 84 98 76 98 90 102 71 103 100 123 64 124 112 115 52 119 109 94 47 95 94 171 69 170 122 174 36 172 107 208 54 204 81 122
140 79 101 84 98 75 98 90 103 70 103 100 123 63 124 112 115 52 120 109 94 47 95 94 172 69 170 122 174 36 171 107 208 54 204 81 123
141 79 101 84 98 75 98 90 102 70 103 100 123 63 124 112 115 52 120 110 94 46 96 94 172 69 170 121 174 36 171 107 208 54 204 81 123
142 79 101 84 98 75 98 90 102 70 103 100 123 63 124 112 115 52 120 110 94 46 96 94 172 68 170 121 174 36 171 107 209 54 204 81 123
143 80 101 84 98 76 98 90 103 71 103 100 123 64 124 112 115 52 120 110 94 46 95 93 172 68 170 121 174 36 171 107 208 54 204 81 123
144 80 100 84 97 76 97 90 101 71 102 99 122 64 122 112 116 52 119 110 94 46 95 94 170 69 169 122 174 35 171 107 209 54 204 81 121
145 80 99 84 95 76 95 90 99 71 99 100 120 64 120 113 112 52 117 110 93 46 94 94 169 69 167 122 175 35 171 108 209 54 204 81 119
146 80 94 84 91 76 91 90 95 71 96 99 117 65 116 113 110 52 114 111 91 46 92 93 167 67 165 123 175 35 171 107 209 54 205 81 116
147 80 92 85 88 76 88 91 93 71 93 99 113 65 113 113 108 52 111 112 88 47 89 94 164 67 164 122 174 35 171 108 209 54 205 81 113
148 81 88 85 84 76 84 91 89 71 89 99 108 65 109 113 103 52 107 111 83 46 84 95 159 67 161 122 173 35 171 108 209 54 205 82 109
149 80 84 85 81 76 81 90 85 71 85 98 105 65 106 112 100 52 103 111 79 46 79 94 155 67 156 122 172 36 170 107 209 53 205 82 105
150 80 79 84 75 76 76 90 81 71 80 99 101 65 100 113 95 52 99 111 74 46 74 95 150 66 151 122 172 36 169 108 208 53 204 82 100
151 80 75 84 71 76 72 90 76 72 76 99 96 65 96 113 90 53 94 111 67 46 68 95 149 66 149 122 172 36 168 108 207 53 203 82 96
152 80 69 84 66 76 66 90 71 71 72 99 91 65 92 112 86 53 89 112 64 46 62 95 143 66 144 121 171 37 166 108 207 53 203 81 91
153 80 66 84 62 76 62 90 67 72 67 101 88 64 88 113 80 53 84 112 59 48 59 94 139 66 139 121 169 37 165 108 206 53 203 81 88
154 80 61 84 57 76 57 91 63 71 63 100 83 64 84 114 75 53 79 112 52 48 53 94 135 66 136 120 167 38 164 108 206 53 203 82 83
155 80 56 85 53 76 53 92 58 72 58 101 78 65 78 114 69 53 74 112 47 48 49 95 133 66 133 119 166 39 163 108 206 53 202 82 78
156 80 52 84 49 76 49 91 54 71 53 100 74 64 75 113 67 53 70 112 44 48 45 95 130 66 130 117 164 41 161 108 205 53 202 82 74
157 80 48 85 44 76 45 91 50 71 50 101 72 64 71 114 63 52 67 112 39 47 39 95 128 66 127 115 163 42 162 108 206 54 202 82 71
158 81 45 85 41 76 42 91 47 71 47 101 68 64 68 114 61 53 64 113 35 47 35 95 126 66 125 113 163 45 161 108 205 54 202 82 68
159 80 42 85 39 76 39 91 44 71 44 101 65 64 64 114 56 53 60 113 31 47 32 95 124 65 124 112 162 47 160 108 205 54 202 82 64
160 81 39 85 35 76 36 91 41 72 42 101 63 64 63 113 54 52 58 113 30 47 29 95 122 65 122 110 162 49 161 108 205 54 202 82 63
161 80 37 85 33 76 34 91 39 71 40 101 61 64 62 113 52 52 55 114 28 47 28 95 122 64 121 109 163 51 161 108 206 54 203 82 61
162 80 36 85 32 76 33 91 37 71 38 102 60 64 60 113 49 53 53 113 26 47 26 95 120 65 121 107 162 53 161 108 205 54 203 82 60
163 81 34 85 30 77 31 91 36 72 37 102 59 64 59 113 47 52 51 113 23 47 23 94 120 65 121 106 163 55 162 108 205 53 203 82 59
164 81 33 85 29 77 30 92 35 72 35 102 58 64 58 114 46 52 50 113 21 47 22 94 121 65 120 105 163 56 163 108 205 53 203 82 58
165 81 32 85 29 77 29 92 35 72 35 102 58 64 57 114 45 53 50 113 18 47 22 94 120 65 120 104 163 58 163 108 205 53 204 83 58
166 81 32 85 28 77 29 92 34 72 35 102 57 65 57 114 45 53 49 113 17 47 22 94 120 65 121 102 165 59 163 108 205 53 204 83 57
167 81 32 85 28 77 29 92 34 73 35 103 57 65 57 114 45 53 49 113 15 47 21 93 121 65 121 101 165 60 163 108 205 54 204 83 57
168 81 32 85 28 77 28 92 34 73 34 103 57 65 57 114 45 53 49 113 15 48 23 93 120 65 119 99 164 61 163 107 204 54 203 83 57
169 81 32 85 28 77 29 92 34 73 35 102 57 65 57 114 45 53 49 113 16 47 22 93 120 66 119 99 164 62 162 107 204 54 202 83 57
170 81 32 85 28 77 29 92 34 72 35 102 57 65 57 114 44 53 50 112 17 47 22 93 121 66 120 99 165 62 162 107 204 54 202 83 57
171 81 32 85 28 77 29 92 34 72 35 102 57 65 57 114 44 53 50 112 18 47 23 93 121 65 121 99 166 61 162 107 204 54 202 83 57
172 81 32 85 28 77 29 92 34 72 35 103 57 65 57 114 44 53 50 112 19 48 24 93 121 65 119 99 165 61 162 107 204 54 202 83 57
173 81 32 85 28 77 29 92 34 72 35 102 57 65 57 114 45 54 51 112 19 48 25 93 121 65 120 99 165 61 162 107 204 54 202 83 57
174 81 33 85 28 77 29 92 34 72 35 102 57 65 57 114 45 53 50 112 19 47 24 93 122 66 121 99 166 61 162 107 204 54 202 83 57
175 81 33 85 29 77 29 92 34 72 35 102 57 65 57 114 45 53 50 112 19 47 24 93 122 66 121 99 166 62 163 107 204 54 202 83 57
176 81 32 85 28 77 29 92 34 72 35 102 57 65 57 114 45 53 50 112 19 47 25 93 122 66 121 99 167 61 162 107 204 54 202 83 57
177 81 33 85 28 77 29 92 34 72 36 102 58 65 57 114 45 53 50 112 19 47 24 93 122 66 121 99 166 61 163 107 204 54 202 83 57
178 81 33 85 28 77 29 92 34 72 35 102 57 65 57 114 45 53 50 112 19 47 25 93 122 66 121 99 167 61 163 107 204 54 202 83 57
179 81 33 85 28 77 29 92 34 72 35 102 58 65 57 114 45 53 50 112 20 47 25 93 122 66 121 99 166 61 163 107 204 54 202 83 57
180 81 33 85 28 77 29 92 34 72 35 102 57 65 57 114 45 53 50 112 20 47 25 93 122 66 121 99 166 61 163 107 204 54 202 83 57
181 81 32 85 28 77 29 92 34 72 35 102 57 65 57 114 45 53 50 112 20 47 25 93 122 66 121 99 166 61 163 107 204 54 202 83 57
182 81 33 85 28 77 29 92 34 72 35 102 57 65 57 114 45 53 50 112 20 47 25 93 122 66 121 99 166 62 163 107 204 54 202 83 57
183 81 32 85 28 77 29 92 34 72 35 102 58 65 57 114 45 53 50 112 19 46 24 93 122 66 121 99 166 61 162 107 204 54 202 83 57
184 81 32 85 28 77 29 92 34 72 35 102 58 65 57 114 45 53 50 112 19 46 23 93 122 66 121 99 166 61 163 107 204 54 203 83 57
185 81 32 85 28 77 29 92 34 72 35 103 57 65 57 114 45 53 50 112 19 47 23 93 121 66 120 100 166 61 163 107 205 54 203 83 57
186 81 32 85 28 77 29 92 34 72 35 102 57 65 57 114 45 53 49 112 19 47 23 93 121 65 120 100 165 60 162 107 204 54 203 83 57
187 81 32 85 28 77 29 92 34 72 35 102 57 65 57 114 45 53 49 112 18 47 22 94 121 65 121 102 165 59 163 108 205 54 203 83 57
188 81 32 85 28 77 29 92 34 72 35 102 58 65 57 114 45 53 49 112 19 47 23 94 121 65 121 104 165 58 163 108 205 53 203 83 57
189 81 33 85 29 77 30 92 35 72 36 102 58 65 58 113 46 53 50 112 21 47 23 94 122 65 121 105 163 56 163 108 205 54 202 83 58
190 81 34 85 30 77 31 92 36 72 37 102 59 65 59 113 47 53 51 112 23 47 24 95 122 66 122 108 164 54 162 108 206 54 202 83 59
191 80 36 85 32 76 33 91 38 72 39 102 60 65 61 113 47 53 53 112 24 47 25 95 123 66 122 109 163 52 161 108 205 54 202 83 61
192 80 38 84 34 76 35 91 39 72 41 101 61 65 62 112 51 53 55 111 27 47 27 95 122 66 122 109 162 51 162 108 205 54 202 82 61
193 80 40 85 36 76 37 91 41 72 43 101 64 65 64 112 53 52 57 110 28 47 29 95 124 66 124 111 163 49 163 108 205 54 202 82 63
194 80 43 84 39 76 40 91 44 72 45 102 67 65 65 113 54 52 58 109 29 47 30 96 126 66 126 112 165 48 162 108 206 54 202 83 66
195 80 45 84 41 76 42 91 47 71 47 102 69 65 68 113 57 53 61 109 31 47 32 97 127 66 127 113 164 47 162 108 205 54 203 83 68
196 80 47 85 44 76 44 91 50 71 50 101 71 65 70 113 60 52 66 108 33 47 35 96 129 67 129 114 165 45 162 108 205 54 203 82 70
197 80 51 85 47 76 47 91 53 70 52 99 74 63 73 112 64 52 67 110 38 46 37 96 131 66 131 115 165 43 162 108 206 53 202 81 73
198 79 53 84 50 75 50 91 55 70 55 100 76 64 76 112 64 52 69 108 39 46 42 96 132 66 133 117 166 41 163 108 206 53 202 82 75
199 79 56 83 52 75 53 90 57 71 58 100 78 64 78 111 68 52 72 108 43 46 46 96 134 66 135 118 167 40 163 108 206 53 202 82 78
200 80 58 84 55 76 55 90 60 71 60 100 81 65 80 112 69 52 76 108 46 46 50 96 135 67 136 118 168 39 164 108 206 53 203 81 80
201 79 61 83 57 75 58 90 62 70 63 100 83 64 84 112 72 52 78 108 49 46 52 96 137 67 137 120 169 38 165 108 206 53 203 81 83
202 79 64 83 60 75 61 90 65 70 66 100 87 64 87 112 75 52 81 108 52 45 55 95 140 67 140 120 169 38 166 108 206 53 203 81 86
203 79 67 83 63 75 63 89 68 70 69 100 89 64 89 111 78 52 84 108 57 46 59 95 141 66 142 121 170 38 166 108 206 53 203 81 89
204 78 69 83 66 75 66 90 71 70 71 100 91 64 92 111 82 51 86 107 60 45 61 95 144 66 145 121 171 37 167 108 207 53 203 81 91
205 79 71 83 68 75 68 89 72 70 73 99 93 64 93 111 84 51 89 107 61 45 63 95 147 66 148 121 172 37 168 107 207 53 204 81 93
206 79 74 84 71 75 71 90 76 70 76 100 96 64 95 111 85 51 91 107 64 45 65 96 149 65 149 122 172 36 169 108 208 53 204 81 95
207 79 77 83 73 75 73 90 78 70 78 100 99 64 98 112 89 52 94 107 65 45 68 96 150 66 151 122 173 36 170 107 208 53 204 81 98
208 80 79 84 76 75 76 90 81 70 81 99 101 64 100 112 91 52 97 107 68 46 71 96 152 67 153 123 173 36 171 108 208 53 204 81 100
209 79 82 84 78 75 79 90 83 70 83 100 103 64 103 112 93 52 99 108 71 46 73 95 155 67 155 123 173 36 171 108 208 53 204 81 103
210 80 84 84 81 76 81 90 85 71 85 99 106 64 106 111 96 52 101 109 74 46 76 95 157 68 158 124 173 36 171 107 209 53 205 81 105
211 79 87 83 83 75 83 90 88 71 88 100 107 64 108 112 98 52 103 108 75 47 79 95 159 67 160 124 174 36 171 107 209 54 206 82 107
212 80 89 84 85 76 85 90 89 71 90 100 109 64 110 112 100 52 105 109 77 46 81 94 162 68 162 125 174 36 171 107 209 54 206 82 109
213 80 91 84 87 76 87 91 91 72 92 100 111 65 111 113 101 52 106 110 80 47 83 94 164 67 163 124 175 36 172 107 209 54 206 82 111
214 81 92 85 88 77 88 91 93 72 93 101 113 65 113 112 102 53 109 110 82 47 86 93 165 67 164 124 175 35 172 107 209 54 205 82 112
215 80 93 84 90 76 90 91 94 71 95 101 115 65 115 113 105 53 110 110 84 48 87 93 166 67 165 124 176 36 172 107 209 54 205 82 114
216 80 95 84 91 77 92 91 96 72 97 101 116 64 116 113 107 53 111 110 86 48 89 94 167 67 166 124 175 36 172 107 209 54 205 82 116
217 81 97 85 93 77 93 91 97 72 98 101 118 64 117 113 108 53 114 110 87 48 90 94 168 68 167 124 175 36 172 107 209 54 205 82 117
218 81 99 85 95 77 95 90 99 71 99 101 119 64 119 113 109 53 115 111 89 48 91 94 170 68 168 124 175 36 172 107 209 55 205 82 118
219 80 99 84 96 76 96 90 100 71 100 101 120 63 120 113 110 52 115 110 91 47 92 94 170 68 168 123 175 36 172 107 209 54 204 81 120
220 80 100 84 97 76 97 90 101 71 101 101 121 63 121 112 112 52 117 109 91 47 93 94 171 68 169 123 175 36 172 107 208 54 204 81 120
221 79 100 84 97 75 97 90 101 70 102 101 122 63 122 112 113 52 117 109 92 47 94 94 171 68 169 123 175 36 172 107 208 54 205 81 121
222 79 100 84 97 75 97 90 102 70 102 101 122 63 122 112 114 52 118 109 94 47 94 94 171 68 169 123 175 36 172 107 208 54 205 81 121
223 79 101 83 98 75 98 90 102 70 103 101 122 64 123 112 114 52 119 109 94 47 95 94 172 69 170 123 175 36 172 107 208 54 205 81 122
224 78 101 83 98 75 98 90 102 70 103 101 122 63 123 112 114 52 119 109 93 47 95 94 172 68 170 122 174 36 172 107 209 54 205 81 122
225 78 101 83 98 75 98 90 102 70 103 101 122 63 123 112 114 52 119 109 93 47 96 94 172 68 170 122 174 36 172 107 209 54 205 81 122
226 78 101 83 98 75 98 90 102 70 103 101 122 63 123 112 114 52 119 109 93 47 96 94 172 68 170 122 174 36 172 107 209 54 205 81 122
227 78 101 83 98 75 98 90 102 70 103 101 122 63 123 112 114 52 119 109 93 47 96 94 172 69 170 122 174 36 172 107 209 54 205 81 122
228 78 101 83 98 75 98 90 102 70 103 101 122 63 123 112 114 52 119 109 93 47 96 94 172 69 170 122 174 36 172 107 209 54 205 81 122
229 78 101 83 98 75 98 90 102 70 103 101 122 63 123 112 114 52 119 109 93 47 96 94 172 69 170 122 174 37 172 107 208 54 205 81 122
230 79 101 84 98 75 98 90 102 70 103 100 122 63 123 112 115 52 119 109 94 47 96 94 172 68 170 122 174 36 172 107 209 54 205 81 122
231 79 101 84 98 75 98 90 102 70 103 100 122 63 124 112 115 52 119 110 94 46 96 94 173 68 170 122 174 36 172 107 209 54 205 81 122
232 79 101 84 98 75 98 90 103 70 103 100 123 63 124 113 115 51 120 110 94 46 96 93 173 68 170 121 174 36 172 107 208 54 205 81 123
233 79 101 83 99 75 99 90 103 70 104 100 123 63 124 112 115 52 120 110 95 46 96 93 173 68 170 122 174 36 172 107 208 54 205 81 123
234 79 101 83 99 75 99 90 103 70 104 100 123 63 124 113 116 52 120 110 94 46 97 93 173 68 170 122 174 36 172 107 208 54 205 81 123
235 80 101 84 98 76 98 90 102 70 103 100 122 63 123 113 115 52 120 110 95 46 96 94 173 69 170 122 174 36 172 107 208 54 205 81 122
236 80 100 84 97 76 97 90 101 71 101 101 121 64 122 113 114 52 119 110 94 46 96 94 170 68 168 123 175 35 173 107 209 54 204 81 121
237 79 98 84 94 76 95 90 98 70 99 101 118 63 118 114 111 52 116 110 93 46 94 94 168 67 167 123 175 35 172 108 209 54 205 81 117
238 80 94 84 90 76 90 90 94 71 95 100 115 65 115 114 109 53 113 111 90 47 92 94 166 67 165 124 174 35 171 107 209 54 205 81 114
239 79 91 83 87 75 88 90 91 71 92 100 111 65 111 113 104 52 109 112 85 46 88 94 162 67 162 124 173 35 171 107 209 53 205 82 111
240 80 87 84 83 76 83 90 87 71 88 99 107 65 108 113 101 52 105 111 80 45 82 95 158 67 159 124 172 35 171 108 208 53 205 82 107
241 79 83 84 80 75 80 91 83 71 83 100 103 65 104 113 96 52 101 111 76 45 78 95 154 67 154 123 172 35 170 108 208 53 204 82 103
242 80 78 84 74 76 75 90 79 70 79 100 99 64 99 114 92 52 96 111 72 45 72 95 150 66 151 123 172 35 168 107 208 52 204 82 98
243 79 74 84 70 76 71 90 74 72 75 101 94 65 95 113 86 52 92 110 63 45 66 95 147 66 148 123 172 36 167 108 208 53 203 82 94
244 79 69 84 66 75 66 90 70 71 71 100 90 65 91 112 83 52 87 111 61 45 62 95 142 67 143 122 171 36 166 108 207 53 203 81 90
245 80 65 84 61 76 62 91 65 71 66 101 86 65 86 113 77 52 82 111 54 45 57 94 138 66 139 121 169 37 165 108 206 53 203 82 86
246 80 60 84 56 76 56 91 61 72 61 100 81 64 81 113 72 52 78 111 48 45 53 95 135 66 135 120 167 37 163 108 206 53 203 82 81
247 80 55 84 51 76 52 90 57 71 57 100 77 64 78 113 69 51 72 109 44 44 47 95 133 65 133 119 166 39 162 108 206 53 202 82 77
248 79 52 84 48 75 48 90 53 70 53 100 74 63 74 113 63 51 68 110 39 43 40 95 131 65 131 118 165 40 162 108 206 53 202 81 74
249 79 48 84 44 75 45 91 50 70 50 100 70 63 70 113 60 50 63 109 34 44 36 95 127 65 128 116 163 42 162 108 206 53 202 81 70
250 79 44 83 41 74 41 90 46 70 47 101 68 62 67 113 56 51 60 109 30 44 32 95 125 65 126 114 163 44 161 108 206 53 202 81 67
251 79 41 84 38 74 39 90 43 70 44 101 65 62 64 112 51 50 57 109 28 43 29 95 123 65 124 113 162 47 160 108 206 53 202 81 64
252 79 39 83 35 75 36 90 41 70 42 101 63 63 63 112 50 51 55 109 25 44 28 95 122 65 123 111 161 49 161 108 205 54 203 82 63
253 79 37 84 34 75 34 90 39 70 40 102 61 63 61 112 46 50 53 110 23 44 25 95 121 64 122 109 161 51 161 108 205 53 202 82 61
254 79 36 84 32 75 32 90 37 70 39 102 60 62 61 112 46 51 51 110 20 44 22 95 121 64 122 108 163 52 162 108 206 54 203 81 60
255 80 33 85 30 76 30 91 37 70 36 101 59 62 58 113 45 51 47 110 18 44 20 95 120 65 121 107 163 54 163 108 205 53 203 81 58
256 80 33 84 29 76 30 91 35 70 36 102 58 62 57 113 42 51 46 109 16 44 19 94 121 65 121 105 163 56 162 108 205 53 203 82 57
257 80 32 85 29 76 29 91 35 71 36 102 58 63 57 113 41 51 46 109 15 45 17 94 121 65 120 104 164 57 162 108 205 53 203 82 57
258 81 31 85 28 76 28 92 35 71 35 102 57 63 57 113 41 51 46 109 13 46 17 94 120 65 120 103 164 58 163 108 205 53 203 82 56
259 80 31 85 28 76 28 92 34 71 35 102 58 64 57 113 42 52 46 109 14 47 17 93 121 65 120 101 165 59 163 108 205 54 204 82 57
260 81 31 85 28 77 28 92 34 72 35 102 58 64 57 113 43 52 47 109 13 46 19 92 121 65 119 100 165 60 162 108 205 54 204 82 57
261 81 32 85 28 77 28 92 34 72 35 102 58 65 57 113 43 52 47 109 14 46 20 92 120 65 119 99 165 61 162 107 204 54 203 83 57
262 81 32 85 28 77 29 92 34 72 35 102 57 65 57 114 44 52 47 109 14 46 21 92 121 65 119 98 164 61 162 107 204 54 203 83 57
263 81 32 85 28 77 29 92 34 72 35 102 57 65 57 114 44 52 48 110 15 47 22 92 121 65 120 99 165 61 162 107 204 54 203 83 57
265 81 32 85 28 77 29 92 34 72 35 102 57 65 57 114 45 52 48 110 16 47 21 92 121 65 121 99 165 61 163 107 204 54 203 83 57
266 81 32 85 28 77 29 92 34 72 35 102 58 65 57 114 45 52 48 111 15 47 21 92 122 65 121 98 165 61 163 108 204 54 203 83 57
267 81 32 85 28 77 29 92 34 72 35 102 58 65 57 114 44 52 48 111 15 47 21 92 122 65 121 99 165 61 163 107 204 54 203 83 57
268 81 32 85 28 77 29 92 34 72 35 102 58 65 57 114 45 52 48 111 15 47 21 92 121 65 121 99 165 61 163 107 204 54 203 83 57
269 81 32 85 28 77 29 92 34 72 35 102 58 65 57 114 45 52 48 110 15 47 21 92 121 65 121 99 165 61 163 107 204 54 203 83 57
270 81 31 85 28 77 28 92 34 72 35 102 57 64 57 114 44 52 48 111 15 47 21 92 122 65 121 99 165 61 163 107 204 54 203 83 57
271 81 32 85 28 77 29 92 34 72 35 102 57 64 57 114 44 52 49 111 15 47 22 92 122 65 121 98 165 61 163 107 204 54 203 83 57
272 81 32 85 28 77 29 92 34 73 35 102 58 65 57 114 44 52 49 111 15 47 21 92 122 65 121 99 165 61 163 107 204 54 203 83 57
273 81 32 85 28 77 29 92 34 72 35 102 58 65 57 114 44 52 49 110 15 47 21 92 122 65 121 99 165 61 163 107 204 54 203 83 57
274 81 32 85 28 77 29 92 34 72 35 102 58 65 57 114 44 52 49 110 15 47 22 92 122 65 121 99 166 61 163 107 204 54 203 83 58
275 81 32 85 28 77 29 92 35 72 35 102 58 65 57 114 44 52 48 110 16 47 21 92 122 65 122 99 166 61 163 107 204 54 203 83 58
276 81 32 85 28 77 29 92 34 72 35 103 58 65 58 114 44 52 48 110 15 46 21 92 122 65 122 99 166 61 163 107 204 54 203 83 58
277 81 32 85 28 77 29 92 35 72 35 102 58 65 58 114 44 52 48 110 16 46 22 93 122 65 122 99 166 61 163 107 204 54 203 83 58
278 81 32 85 28 77 29 92 35 72 35 102 58 65 57 114 43 52 50 110 15 46 23 93 122 65 121 99 166 61 163 107 204 54 203 83 57
279 81 31 85 28 77 29 92 34 72 35 102 58 65 57 114 44 51 50 110 16 45 23 93 122 65 121 99 166 61 163 107 204 54 203 83 57
280 81 32 85 28 77 29 92 34 72 35 102 58 64 58 115 44 50 50 111 20 44 25 93 122 65 121 99 166 61 163 107 204 54 203 82 57
281 81 32 85 28 77 29 91 34 72 35 102 58 64 57 116 46 46 51 110 23 44 29 93 122 65 121 99 166 61 163 107 204 54 203 82 57
282 81 31 85 28 77 29 91 34 71 36 102 57 63 57 120 52 42 52 110 28 44 31 93 122 65 121 99 166 61 163 107 204 54 202 82 57
283 81 32 85 28 76 29 91 33 71 35 101 57 63 58 121 58 41 60 112 37 43 39 93 122 65 121 99 166 61 163 107 203 54 202 82 57
284 81 32 85 28 76 29 92 33 71 35 102 57 63 58 122 67 38 67 113 47 41 50 92 121 65 119 99 165 61 163 107 203 54 202 82 57
285 81 32 85 28 76 29 92 33 71 34 104 57 62 58 124 76 37 73 114 57 43 58 93 121 65 119 99 165 61 163 107 203 54 202 82 58
289 80 30 85 27 76 27 91 31 71 33 103 58 60 60 117 88 42 90 115 102 41 99 93 122 66 121 99 165 61 163 107 203 55 201 82 59
290 80 30 85 27 76 27 91 31 70 33 103 58 60 60 114 83 45 86 117 106 42 104 93 121 66 121 99 165 61 163 107 203 55 201 81 59
291 80 30 85 27 76 27 91 31 70 33 104 58 59 60 114 85 46 87 117 111 42 109 93 121 65 121 99 165 61 163 107 202 55 201 81 59
292 80 30 84 27 76 27 91 31 70 33 104 58 59 60 114 86 48 89 117 114 44 113 93 121 65 121 99 165 61 163 107 202 55 201 81 59
293 80 30 84 27 76 27 91 31 70 33 104 58 59 60 114 87 49 90 116 116 45 116 93 121 65 120 99 165 61 163 107 202 55 201 81 59
294 80 30 85 27 76 27 91 31 70 33 104 58 59 60 114 88 50 89 116 117 46 117 93 121 65 119 99 165 61 163 107 202 55 201 81 58
295 80 30 84 27 76 27 91 31 70 33 104 58 60 59 114 88 50 92 115 117 48 121 94 122 65 119 99 164 61 163 107 202 55 200 82 58
296 79 31 84 27 75 28 91 31 70 33 104 58 60 59 114 88 51 93 115 118 49 123 93 122 65 119 99 165 61 163 107 201 55 199 82 58
297 79 31 84 27 75 28 91 31 70 33 104 58 60 59 114 87 52 93 115 117 50 122 93 121 65 119 99 164 61 162 107 201 56 199 82 58
298 80 31 84 27 76 28 91 31 70 33 105 58 60 60 114 88 52 93 115 117 50 122 94 122 65 119 99 164 61 163 107 201 56 199 82 59
299 81 32 85 27 76 28 91 31 70 33 104 58 59 60 113 87 51 93 115 117 50 122 94 122 65 119 99 164 62 162 107 201 55 199 82 59
300 81 31 85 27 76 28 91 31 71 33 105 58 60 60 114 87 51 93 116 117 50 122 94 121 66 119 99 164 62 162 107 201 55 198 82 59
301 81 32 85 27 76 28 91 31 71 33 105 58 60 60 114 87 51 93 116 116 50 123 94 122 66 121 99 165 62 163 107 202 55 198 82 59
302 81 31 85 27 77 28 91 31 71 33 104 58 60 59 114 87 50 91 116 116 50 121 94 121 66 119 99 164 62 162 106 201 56 197 82 58
303 81 31 85 28 76 28 91 31 71 32 104 58 60 59 114 87 50 90 116 117 50 121 94 121 66 119 99 163 62 162 106 201 56 197 82 58
304 81 31 85 27 77 28 91 31 71 33 104 58 60 58 114 87 50 90 116 117 50 121 94 121 66 118 99 162 62 161 106 200 56 197 81 58
305 82 31 85 27 77 28 91 31 71 33 103 57 60 58 114 87 50 89 116 116 50 122 94 120 66 118 99 162 61 162 107 202 55 198 82 58
306 81 31 85 27 77 28 91 31 71 32 103 57 61 58 114 86 51 88 117 117 51 122 94 119 67 118 99 162 62 161 107 203 55 199 82 57
307 82 30 86 26 78 27 91 30 71 32 102 56 62 58 114 86 51 89 116 117 52 125 94 119 67 118 98 163 61 163 108 207 53 207 82 57
